   1 1910  1  -0.747215   1.249954   1.671458  -0.468672  -0.211682
   2 1910  2  -1.568668  -0.908898   1.160664  -0.915873   0.231725
   3 1910  3  -1.432215  -1.456936   1.358005  -0.528991   0.294608
   4 1910  4  -1.693820  -0.746824   1.933822   0.183036   0.234715
   5 1910  5  -2.078132   0.265739   0.803246   1.952732   0.050408
   6 1910  6  -2.279727  -0.562229  -0.206641  -1.233086   0.263833
   7 1910  7  -2.354579   0.825008   1.035587  -0.620194  -0.749482
   8 1910  8  -1.720439   0.885818   1.543020   1.252065   0.472189
   9 1910  9  -1.121635  -0.736022   0.205352  -0.783416  -0.090055
  10 1910 10  -2.755271   0.316192   1.287283  -1.971946  -0.209754
  11 1910 11  -2.608737  -0.357311   1.221342  -1.774909  -0.242808
  12 1910 12  -1.705673  -0.197829   0.822469   0.502847   0.269952
  13 1911  1  -1.423606   0.173718   1.784641  -0.776785  -0.922268
  14 1911  2  -1.811397   0.167681   1.915797  -2.067358  -0.707656
  15 1911  3  -2.075263   0.408148   1.349436  -0.875168   0.611435
  16 1911  4  -1.709067  -0.963982   1.082450  -1.319054   0.571086
  17 1911  5  -2.759352  -0.982669  -0.508477  -0.065769   2.303954
  18 1911  6  -2.898614  -0.814195  -1.506970   0.551264   0.713846
  19 1911  7  -2.440623  -2.032400  -0.174578  -1.439095   0.485935
  20 1911  8  -1.462164  -1.941308   0.318389  -1.789256   1.762510
  21 1911  9  -0.583450  -2.292188  -0.513024   0.130658   2.527845
  22 1911 10  -0.580277  -2.185967  -0.418992  -0.085085   2.510014
  23 1911 11  -0.658613  -1.378809  -0.976105  -0.671835   1.520221
  24 1911 12  -1.009178  -0.013929  -1.156345  -0.269517   1.284857
  25 1912  1  -0.314906  -0.354519   0.001056  -2.038057  -0.182373
  26 1912  2  -0.032346  -0.037733  -0.039463  -1.373798  -0.529609
  27 1912  3  -0.428989  -0.082427  -0.828203  -1.003925   0.777486
  28 1912  4   0.091293  -0.291275  -0.268670  -0.420374   0.056718
  29 1912  5  -0.225432  -1.086968  -0.125538  -0.743769   0.002848
  30 1912  6  -0.161353  -1.569454   0.277507  -0.643817   1.588774
  31 1912  7  -0.067797  -1.664057  -1.228122  -1.509415   0.908691
  32 1912  8  -1.622187  -2.547172  -1.662184  -1.392659  -0.330545
  33 1912  9  -1.395686  -3.086512  -1.227472  -1.565697   0.334754
  34 1912 10  -1.097258  -2.461537  -0.418320  -0.168349  -0.458719
  35 1912 11  -2.382495  -2.115389  -2.337058   2.934094   1.964062
  36 1912 12  -0.831390  -2.032419  -0.834783   2.577815   2.787186
  37 1913  1  -0.057724  -1.060834   0.951430   1.627503   0.019267
  38 1913  2   0.332480  -0.994702   1.164261   0.113946  -1.565749
  39 1913  3   0.195186  -0.705838   0.414216  -0.693537  -0.638111
  40 1913  4  -0.354928  -0.719265   0.827873  -0.260955  -0.658604
  41 1913  5  -0.183510  -1.030405   0.317700  -0.375757  -0.223114
  42 1913  6  -0.190390  -1.312293   0.538097  -0.478606   1.538929
  43 1913  7  -0.437486  -2.641558  -0.166102  -1.056793   1.031191
  44 1913  8  -1.339987  -3.989349   0.314423  -2.833282  -0.696343
  45 1913  9  -1.476619  -2.464723   0.326977  -1.671033  -0.438286
  46 1913 10  -1.393575  -1.873958   0.055164  -1.486412  -0.204241
  47 1913 11  -1.114502  -1.408906   0.169890  -0.736677  -0.327019
  48 1913 12  -1.076270  -0.952551   0.614226   0.593864   0.536438
  49 1914  1  -1.517561  -0.765331   0.198484   1.462280   1.528106
  50 1914  2  -0.670255  -0.805828   0.214927   0.553749   0.913879
  51 1914  3  -0.631121  -0.661762   0.204938   0.320450   0.063080
  52 1914  4  -0.482311  -0.212765   0.248305   1.117522   0.349212
  53 1914  5  -0.218829  -0.491227   0.444334   0.644689  -1.312282
  54 1914  6  -1.562590  -0.052548  -0.975779   0.781461  -1.035841
  55 1914  7  -0.877264   0.062916   1.061482  -0.527686   0.174352
  56 1914  8  -0.976724   0.012225   1.037575  -1.324520  -0.236202
  57 1914  9  -1.054912  -0.218344   0.929220  -0.664584   0.538542
  58 1914 10  -0.292040  -0.944661   1.578354   0.288241   0.413380
  59 1914 11  -0.332479  -1.513454   1.270865  -0.402720   0.164924
  60 1914 12   0.437960  -1.315705   0.842328  -0.023586  -0.238950
  61 1915  1   0.202051  -0.990598   1.066072   1.018869  -0.200334
  62 1915  2  -0.187092  -0.850463   1.417538   1.320145  -0.608351
  63 1915  3   0.363125  -1.547519   0.974090   1.185657  -0.533409
  64 1915  4   0.075566  -2.057113   0.424100   0.630395  -0.314044
  65 1915  5   0.063413  -1.772397  -0.245444   0.853901   1.128468
  66 1915  6   0.126951  -1.111955  -0.961440   1.332795  -0.770749
  67 1915  7   0.850960  -0.946152  -0.277377   1.022984   1.254186
  68 1915  8  -0.198018  -0.687035   0.036028   1.668146   0.439143
  69 1915  9  -0.181689  -0.762734   0.347480   1.420673  -1.510175
  70 1915 10  -0.755025   0.182372   0.287883   0.833605  -1.093389
  71 1915 11  -0.925680  -0.162083   0.525142   1.078154   0.204648
  72 1915 12  -0.885023  -0.792002   0.695035  -0.055368   0.410809
  73 1916  1  -1.005572  -0.137953   1.987449  -1.538010  -0.392639
  74 1916  2  -0.966310   0.360342   2.335287  -0.831637  -1.394852
  75 1916  3  -1.570630   0.491589   1.847612  -0.936452  -0.458476
  76 1916  4  -2.005084  -0.133708   0.480018   0.352545   1.909879
  77 1916  5  -2.353314  -0.564021   0.181006   0.355098   1.546810
  78 1916  6  -3.093822   0.054873  -0.714162   0.334944  -0.513067
  79 1916  7  -2.192933  -0.633568   0.911914   0.827574   0.580373
  80 1916  8  -2.336530  -0.821814   0.921171  -0.067005  -1.196716
  81 1916  9  -1.656820  -0.378256   0.351598  -0.347563  -0.240100
  82 1916 10  -1.136309   0.123423  -0.436847  -1.471431   0.930964
  83 1916 11  -1.479116   0.716194   0.126588  -0.789334  -0.050645
  84 1916 12  -1.157477   1.287813   1.077801  -0.910719  -1.152358
  85 1917  1  -0.545189   1.192349   1.250051  -1.148018  -1.648879
  86 1917  2  -0.038726   0.955363   0.856088  -1.165422  -0.295635
  87 1917  3  -0.578400   1.347711  -0.161868  -0.842088   1.065183
  88 1917  4  -1.184121   1.306177  -0.272959  -0.769637   1.264851
  89 1917  5  -0.397252   1.125395  -0.441228  -1.356574  -0.237795
  90 1917  6  -0.383031   1.301417  -0.395952  -1.421771  -3.680725
  91 1917  7  -0.375351   1.428467  -0.150980  -0.437585   0.993075
  92 1917  8  -0.704328   0.581528   0.048854  -0.853076   0.239381
  93 1917  9  -0.438530   1.193629   1.014975  -0.238905  -1.222699
  94 1917 10  -0.553081   0.814542   1.259417  -1.653122  -1.906959
  95 1917 11  -0.582861   0.625349   1.157295  -1.753700  -2.431990
  96 1917 12  -0.702589   0.962063  -0.518158  -0.026611  -0.345425
  97 1918  1   0.292059   1.751357   0.400244  -1.232270  -1.892665
  98 1918  2  -0.232800   1.288362   0.528102  -1.209333  -0.508092
  99 1918  3  -0.022391   1.279834   1.148033  -0.513312  -1.355468
 100 1918  4   0.072326   0.639980   1.572568  -1.449798  -2.956964
 101 1918  5  -0.561804   2.063822   0.404714  -0.892786  -1.388899
 102 1918  6  -1.024681   2.517141  -1.253744  -0.933808  -1.394482
 103 1918  7  -0.371578   1.641964  -1.458529  -1.468296   2.656541
 104 1918  8  -0.573151   1.145587  -1.876286  -3.031750   1.927517
 105 1918  9  -1.325684  -0.205566  -2.307679  -2.749661   0.381177
 106 1918 10  -0.545090  -0.740947   0.001245  -1.869309  -3.056501
 107 1918 11  -0.723219  -1.188153   1.867627  -2.712323  -3.077416
 108 1918 12  -1.457032  -1.091602   0.904055  -1.438059  -1.789723
 109 1919  1  -2.059760  -1.512773  -0.395208  -0.968260   0.645680
 110 1919  2  -1.419129  -1.530195  -0.053470  -1.634046   0.342979
 111 1919  3  -1.276189  -1.048743   0.485130  -1.524194   0.129610
 112 1919  4  -0.714517  -0.907861   0.318442  -0.823282  -0.745950
 113 1919  5  -1.658308   0.114936   0.135138  -0.467008  -1.425112
 114 1919  6  -1.974178   1.209251  -0.601143   1.351889  -0.664212
 115 1919  7  -1.486796   2.172686   0.800228   0.378850  -3.105060
 116 1919  8  -1.582086   0.287386   0.929499  -0.702814  -1.302890
 117 1919  9  -1.032422   0.854918   0.338942  -0.496604   0.437037
 118 1919 10  -0.042659   2.482666  -1.336904  -0.278308   1.333325
 119 1919 11   0.341750   0.985180  -1.115560  -2.710188   0.566409
 120 1919 12   0.368754   0.377135  -0.078275  -2.454614  -1.302130
 121 1920  1  -1.345655   0.570558  -2.426134  -0.648609   2.266135
 122 1920  2  -0.216980   0.339148  -1.836738  -0.325618   1.687976
 123 1920  3  -0.473237   0.825401   0.435181  -1.706846  -1.219314
 124 1920  4  -0.354089   0.643960   1.080681  -1.795517  -2.113813
 125 1920  5  -0.446018   1.314643  -0.601002   0.121733   0.177578
 126 1920  6  -1.159083   1.445118  -2.007035   1.102190  -0.982237
 127 1920  7  -1.291163   0.634057  -2.798423  -0.596461   0.744879
 128 1920  8  -2.758772   0.648772  -3.673740   0.404188  -1.063727
 129 1920  9  -2.422659   0.818882  -0.656975   0.547011  -1.757937
 130 1920 10  -2.248555   0.595330  -1.288890   0.342989   0.766952
 131 1920 11  -0.061838  -0.462096  -0.440466  -1.283842   0.446702
 132 1920 12  -1.031148  -0.621851  -0.532606   0.138707   0.285375
 133 1921  1  -1.887922  -0.299619   0.502869   0.531352   0.850824
 134 1921  2  -1.239487   0.481298  -0.135167   1.030251   1.168432
 135 1921  3   0.292131   0.289382   1.075984   1.486052  -0.957511
 136 1921  4  -1.209724   0.437848   0.480756   0.547257   0.300148
 137 1921  5  -0.875215   0.666801  -0.527797   0.362457  -0.032472
 138 1921  6  -1.137401   1.028754  -0.623115   0.913077  -0.374594
 139 1921  7  -0.937324   1.605807  -0.712748  -0.514775   0.800787
 140 1921  8  -0.077072   1.825691  -0.167551  -0.258000  -0.845657
 141 1921  9   0.777455   1.192155   2.068725  -0.056508  -0.618314
 142 1921 10  -0.816435  -0.289598   1.762077   0.808999   1.039519
 143 1921 11  -1.105689   0.649063  -0.463649   1.448916   0.648079
 144 1921 12  -0.720241   0.276210   0.390415  -0.230954  -0.043646
 145 1922  1  -0.093712   0.399772   1.345373  -1.507710  -1.486125
 146 1922  2  -0.173632   0.469285   2.256164  -0.692351  -1.630801
 147 1922  3  -0.434070   1.108365   1.460503  -0.693532  -0.942471
 148 1922  4  -0.356676   1.327226   0.119218  -1.292146   0.505242
 149 1922  5  -1.841268   0.415043  -0.419382  -1.037828   0.715533
 150 1922  6  -1.774394   0.174358  -1.408222   0.295339  -0.581029
 151 1922  7  -0.858506   2.219675  -0.941665   0.053599  -0.926710
 152 1922  8  -0.852410   0.848330  -1.358251   1.147316  -0.742797
 153 1922  9  -0.871022   0.246774  -0.722067   1.083249   0.312700
 154 1922 10  -0.567733  -0.168639  -0.560402   0.680516   1.504037
 155 1922 11  -0.114167   0.088588   0.034142   1.156588   0.119483
 156 1922 12   0.050078   0.501916   0.635301  -0.633949  -0.410000
 157 1923  1  -0.328942   0.654343   0.655930  -0.793628   0.079822
 158 1923  2  -0.580493   1.305568  -0.136568   0.019253   1.278143
 159 1923  3  -0.367718   0.586672   0.247257  -0.694623   0.829667
 160 1923  4  -0.022203   0.623966  -0.305700  -0.738675  -0.029608
 161 1923  5  -0.013260   0.446698   0.181812  -0.729594  -1.139891
 162 1923  6  -0.518083   0.773723  -1.241098  -0.269929  -2.274148
 163 1923  7   0.034775   0.471125  -2.504385  -0.735863  -0.806867
 164 1923  8   0.104273  -0.505933  -1.870669  -0.613536   0.777213
 165 1923  9  -0.259411  -0.763940  -1.262960  -1.090301  -0.104486
 166 1923 10  -0.916776  -1.352892  -0.844045  -0.331393   0.474732
 167 1923 11  -0.649302  -0.808175  -2.054289   0.650644   1.193245
 168 1923 12  -0.300633  -0.753367  -0.272707  -0.371408  -0.272610
 169 1924  1  -0.725076  -0.492371  -0.616753  -0.076428   0.685071
 170 1924  2  -0.879892  -0.956952  -0.170889   0.814773   0.243696
 171 1924  3  -0.692017  -0.264702  -0.156948  -1.147331  -0.648744
 172 1924  4  -0.922881  -0.393337   0.126838  -1.162849  -0.677274
 173 1924  5  -0.968920  -0.622852  -0.105049  -0.631402  -1.897666
 174 1924  6  -0.813326   0.316767  -2.701562   0.025367  -1.926063
 175 1924  7  -0.683970  -0.374251  -1.289750  -1.383608  -1.881608
 176 1924  8  -0.396880  -0.117306  -1.076842  -1.594633  -1.119722
 177 1924  9  -1.545258   0.497755  -0.344465  -1.378722  -1.464338
 178 1924 10  -1.681904   0.687752  -0.410429   0.097086  -0.526859
 179 1924 11  -0.906990   0.512917   0.609433   1.374889  -0.249331
 180 1924 12  -0.533933   0.100450   0.116088   0.612446   0.294424
 181 1925  1  -0.852397   0.833943   0.502160  -0.168955  -0.235809
 182 1925  2  -0.857791   0.429991   1.634195  -1.227656  -1.880364
 183 1925  3  -0.638360   0.565213   1.892211  -1.823771  -2.507198
 184 1925  4  -1.292613   0.729991   0.862264  -1.570523  -0.970910
 185 1925  5  -0.804140  -0.178566   1.216804  -1.980970  -2.851525
 186 1925  6  -1.299776  -0.708574  -0.361896   0.481658  -2.260516
 187 1925  7  -1.038655   0.173931   0.382041  -0.686845  -0.851156
 188 1925  8  -0.607773  -0.033468   0.019459  -1.216678  -0.614885
 189 1925  9   0.831250   0.540279   1.349446  -1.949454   0.045505
 190 1925 10   1.392292  -0.418881  -0.820581  -0.995069  -0.344375
 191 1925 11   1.976423  -1.231732   0.587369  -2.130679  -1.410351
 192 1925 12   0.115189  -0.505703  -1.407693   0.801127  -0.707043
 193 1926  1   0.973696   0.006074  -1.689708   0.647309  -0.137434
 194 1926  2   0.758352  -0.730292  -0.735609   0.602777  -1.000478
 195 1926  3   0.566843  -0.951478  -1.335037   1.014010   0.219191
 196 1926  4   0.849653  -0.775515  -1.520673   0.662467  -0.353513
 197 1926  5   0.828089  -1.385908   0.280303   0.920780  -2.395438
 198 1926  6   0.484142  -1.088938  -0.290910   1.548429  -2.225233
 199 1926  7   0.927727  -1.813101   2.168383  -0.340155  -1.009044
 200 1926  8   1.449066  -0.836286   2.923597   0.541887   0.163923
 201 1926  9   2.114654  -0.711741   2.773663  -1.345046  -0.217957
 202 1926 10   2.438633  -0.422456   2.403842  -1.529055  -0.822279
 203 1926 11   3.048811   0.248492   1.729845  -0.932988  -1.177864
 204 1926 12   3.157084  -0.681960   1.776557  -0.994892  -3.387823
 205 1927  1   1.241505  -0.575310  -0.174830   0.102266  -0.534423
 206 1927  2   0.571321  -1.362996  -1.347980   0.976360   1.316130
 207 1927  3  -0.256241  -0.674769   0.040929  -0.093691  -0.075800
 208 1927  4  -0.195726   0.400770   0.145555  -0.659676  -0.660634
 209 1927  5  -0.757967  -0.291752  -0.001834  -0.072071  -1.334775
 210 1927  6  -0.955167  -0.832256  -0.725214   0.613617  -3.583260
 211 1927  7  -0.373400  -1.156909   0.862243  -1.138921  -0.580496
 212 1927  8  -0.372332  -1.069634  -0.659758   0.163955  -2.588835
 213 1927  9  -0.500468  -0.968260   0.979144  -0.492879  -2.311223
 214 1927 10  -0.207171   0.365144   0.989302  -0.817042  -2.427944
 215 1927 11  -0.355772   0.798921   1.339552  -0.835189  -1.864335
 216 1927 12   0.435078   0.805047   0.913281  -0.717184  -0.389790
 217 1928  1   0.042690   0.305723  -0.334694  -1.114711   0.046079
 218 1928  2  -0.097445  -0.564136  -0.467766  -0.048390   0.505268
 219 1928  3  -0.103878  -0.138232  -0.389079  -0.992658  -0.860378
 220 1928  4  -0.635184  -0.884289  -0.585873  -0.211807   0.458200
 221 1928  5  -0.723877  -1.187873  -0.914855  -0.637833  -0.455331
 222 1928  6  -0.720520  -1.147540  -1.158056  -0.437435  -2.594507
 223 1928  7  -0.951894  -0.667634  -0.339341  -1.006173  -0.843637
 224 1928  8  -1.278673  -0.837834  -0.065322  -2.132904  -1.305064
 225 1928  9  -1.335852  -0.481276  -0.189130  -0.619720  -0.307633
 226 1928 10  -0.936426  -0.099665   0.071564  -0.082663  -0.678060
 227 1928 11  -0.486943  -1.651836  -0.536072  -0.877027  -0.636288
 228 1928 12  -0.844941  -1.416778  -0.739403  -0.420350   0.175753
 229 1929  1   0.721127  -0.940931   0.368558  -0.974696  -1.162732
 230 1929  2   1.245777  -0.691326   0.573700  -1.151890  -1.184145
 231 1929  3   0.227071  -0.565480  -0.441075  -0.313804  -0.043181
 232 1929  4   0.210573  -0.263790  -0.007378  -0.384083  -0.419738
 233 1929  5  -0.053360   0.052226  -0.790130  -0.661771  -1.157322
 234 1929  6  -0.108133  -0.886082  -0.621489   0.032805  -1.917908
 235 1929  7  -0.486837  -0.381066   1.087757   0.951243   2.169563
 236 1929  8  -0.497305   0.270190   1.434465   2.113267   0.598130
 237 1929  9   0.183453  -0.302796   1.448409  -0.062936   1.451353
 238 1929 10  -0.399843  -1.977272  -0.931870   0.008115   0.440854
 239 1929 11  -0.388259  -1.171471  -2.117580   0.101711   0.545669
 240 1929 12   0.118777  -2.090774  -1.675122  -0.368682   0.344430
 241 1930  1   0.918707  -0.330278   0.432034  -1.424390  -0.745658
 242 1930  2  -0.687927  -0.387414  -0.676690  -1.423879   0.159716
 243 1930  3  -0.593940  -1.002924  -0.885267  -0.815201   1.121813
 244 1930  4  -0.580763  -0.651919  -1.134135  -0.045866   0.686568
 245 1930  5  -0.625172  -0.514369  -0.446748  -1.375372  -0.987835
 246 1930  6  -1.036605  -1.202470  -1.277335  -1.457822  -2.110345
 247 1930  7  -0.660948  -0.853284  -0.172648  -2.799674  -0.522105
 248 1930  8  -0.128155   0.220694  -0.505573   0.657085  -0.200042
 249 1930  9   1.022678   0.489756  -0.795934  -0.641004  -0.481808
 250 1930 10   0.840979   0.555506   0.656106  -1.098738  -1.104551
 251 1930 11   0.210848   0.338989  -0.033724  -0.672252  -0.189849
 252 1930 12   0.734897  -0.359204   1.318284  -0.436074  -2.977460
 253 1931  1   0.401180  -1.266490   0.364854  -0.551418  -1.686951
 254 1931  2   0.064948  -1.797799  -0.544975  -0.551129  -0.475865
 255 1931  3   0.220792  -1.533276  -0.201947  -0.374556  -1.198187
 256 1931  4  -0.538352  -1.408869  -0.173007  -1.239574  -1.695387
 257 1931  5  -0.341548  -1.172468  -0.504191  -1.179407  -2.084754
 258 1931  6  -0.877960  -1.590216  -1.628112   0.571329  -2.690406
 259 1931  7  -0.633435  -1.829858   0.632694   0.282281  -2.013773
 260 1931  8  -0.340965  -0.949791   0.259390   0.716579  -1.218548
 261 1931  9  -0.091493  -0.947326   0.574197   0.066847  -0.014089
 262 1931 10  -0.834582  -0.898212  -0.161852   1.424283   0.268824
 263 1931 11  -0.788470  -0.596388  -0.479842   0.998244   1.335680
 264 1931 12  -0.813249   0.547527  -0.608034   0.654259   1.928821
 265 1932  1  -0.966676  -0.225598  -0.242078   0.518626   2.006942
 266 1932  2  -0.551311   0.382396   1.084843   0.108303   0.552297
 267 1932  3  -0.593583   0.309204  -0.051787   0.117231   0.989647
 268 1932  4  -0.495386  -0.667217  -0.202493   0.576625   0.555494
 269 1932  5  -0.586661  -0.751785  -0.471421  -0.500092  -0.618642
 270 1932  6  -0.945238  -0.632049  -0.450073  -1.104300  -2.043913
 271 1932  7  -1.130672  -0.840495   1.369160  -0.756596  -0.285733
 272 1932  8  -1.101023  -1.084418   1.780904  -0.217196   0.276482
 273 1932  9  -1.112746  -0.421037   1.276776  -0.189965  -0.956033
 274 1932 10   0.579600  -0.774686   1.405495  -1.963071   1.415466
 275 1932 11   0.273435  -0.310503   0.009037  -0.534774  -0.353507
 276 1932 12   0.673081  -0.231007   0.710882  -0.360659  -1.631424
 277 1933  1   0.799689  -0.236235   0.923854  -0.381684  -1.165542
 278 1933  2  -0.228629   0.260346   0.374471  -0.057098   0.307266
 279 1933  3  -0.782323  -0.102141   0.603326   0.639514   0.272722
 280 1933  4  -0.216942   0.114008   0.540436  -0.478409  -0.512181
 281 1933  5  -1.357780  -0.478639   0.373429  -0.028784   0.121559
 282 1933  6  -1.612066   1.090017  -1.153751   1.808250  -0.048790
 283 1933  7  -2.026374   1.386743   0.782758  -0.439762   0.170787
 284 1933  8  -2.173418   0.610891  -0.557388  -0.241827  -0.541122
 285 1933  9  -1.946459   0.964418   0.196095   0.296117  -0.591422
 286 1933 10  -1.705802   0.200083   0.225346   1.098344  -0.727368
 287 1933 11  -0.533458   0.633100  -1.068950   0.588710  -0.830633
 288 1933 12  -0.580490   0.525385   0.405282   1.125670  -1.215268
 289 1934  1  -0.792989   0.874753   0.152643   1.106864  -0.604989
 290 1934  2   0.398755   0.261125   0.653340   0.705843  -1.109256
 291 1934  3   0.817856   0.425428  -0.377426   0.414314  -1.170690
 292 1934  4   0.555553   0.802139  -1.420451   0.274042  -1.233663
 293 1934  5  -0.228023  -0.045692  -1.261006   1.051259  -1.528195
 294 1934  6  -0.594018   0.198694  -2.409956   0.509872  -2.319419
 295 1934  7  -0.603715   0.206761  -0.048226   0.637558   0.117291
 296 1934  8  -0.142190  -0.018199  -0.525437   0.591385   0.995660
 297 1934  9   0.432195   0.186805  -0.751448  -1.460246   1.715143
 298 1934 10  -0.125574  -1.589651   0.044557  -0.618863  -0.167864
 299 1934 11  -0.316497  -0.593554  -0.514297   0.973614  -0.006167
 300 1934 12  -0.590583  -0.870063  -1.536986   1.257217   1.681446
 301 1935  1  -0.673804  -0.776133  -0.640312   0.059552   1.647395
 302 1935  2  -0.332228   0.186969  -0.793108   0.325330   1.411752
 303 1935  3  -0.057504   0.189755   0.314549   0.075756   0.206859
 304 1935  4   0.033928   0.220011  -0.622786  -0.272097   0.314395
 305 1935  5  -0.339046  -0.043691  -0.984059  -0.121754  -0.647533
 306 1935  6  -0.389698  -0.334682  -1.780895   0.528158  -2.050600
 307 1935  7   0.000293  -0.626719   0.671784  -2.222617   1.023672
 308 1935  8   0.042724   0.586834   0.283539  -1.871465   0.804624
 309 1935  9   0.805591   0.179324   0.437321  -1.505859   0.745963
 310 1935 10   1.386835   0.673598   0.194046  -0.445321  -0.476606
 311 1935 11   1.531891   1.737815   0.658786  -0.790926  -0.680696
 312 1935 12   1.462064   0.190695   0.049094  -0.744657  -1.217163
 313 1936  1   0.649095  -0.365800  -0.142770  -0.062251  -0.973428
 314 1936  2   0.987646   0.249107   0.247907  -0.048652  -1.303091
 315 1936  3   0.850022   0.270363  -0.449477   0.564361  -0.282401
 316 1936  4   0.860144   0.648293  -1.090013   0.992724   0.331417
 317 1936  5   0.351466   0.098013  -2.239826   0.606721  -0.704128
 318 1936  6   0.700993   0.207228  -3.462432   1.712035  -1.448569
 319 1936  7   1.623239  -0.995331  -0.003608   2.269126   1.077775
 320 1936  8   1.843726  -0.662125   1.155835   3.298138   0.261496
 321 1936  9   1.715104   0.053429   0.469226   0.179057   1.269355
 322 1936 10   2.577588   0.319544  -0.619190  -0.559497   0.654256
 323 1936 11   2.409707  -0.198076  -1.739043  -2.002087  -0.353273
 324 1936 12   2.297244  -0.011803  -1.210506  -1.672232  -1.316093
 325 1937  1   0.796436   0.873958  -0.354382  -1.040067  -0.058130
 326 1937  2   0.812151   0.749771   0.802855  -1.341086  -1.301809
 327 1937  3   0.669905   0.679368   0.491558   0.263680  -1.087901
 328 1937  4   0.272248   0.552343   0.444670   0.033412  -1.039038
 329 1937  5  -0.158210   0.262467  -0.583217   0.844364  -0.723860
 330 1937  6  -0.148311  -1.053742  -1.889976   1.165769  -2.122881
 331 1937  7   0.099388  -1.564618   0.150987  -0.275673  -0.000003
 332 1937  8  -0.060563  -0.288857   1.452728   0.742606   0.246500
 333 1937  9   1.249306  -0.244239   1.805699   0.186972   1.017829
 334 1937 10   1.364142  -0.400194   0.667088   0.468006   0.129491
 335 1937 11   1.429206  -0.882170   1.007192   1.062549  -0.690315
 336 1937 12  -0.313896   0.715627  -0.045100  -0.399183  -1.841590
 337 1938  1   0.588179   0.337600  -0.488198   1.058369  -0.328255
 338 1938  2  -1.085115   0.477948   0.050812   1.114704   1.052187
 339 1938  3  -1.484750   0.044308  -0.304939   0.544581   2.032737
 340 1938  4  -0.970445   0.305698  -0.430710   1.237672   1.267414
 341 1938  5  -0.811690   0.095134  -0.474641   0.558662  -0.418392
 342 1938  6  -0.863137   0.016768  -1.492567   0.485861  -2.558455
 343 1938  7  -0.562375  -0.076376   0.080051   0.961841  -1.644213
 344 1938  8   0.178663   1.245777   0.753983   0.163824   0.006798
 345 1938  9  -0.669210  -0.505061   0.943794   1.036338  -0.913455
 346 1938 10  -0.411444  -1.658509   0.979848   1.684621  -0.946915
 347 1938 11  -1.159236  -0.274480   0.181926   0.404639  -0.993471
 348 1938 12  -0.861770  -0.814715  -0.453917  -0.604117  -0.171888
 349 1939  1  -0.703260  -0.338722  -0.784958   0.667399   0.528501
 350 1939  2  -0.315184   0.213226  -0.176461   0.142712   0.424351
 351 1939  3  -0.442196   0.324390   0.029721   0.042527   0.125031
 352 1939  4  -0.583476  -0.505826   0.037975   0.312808   0.056227
 353 1939  5  -0.418512   0.020835   0.743460   0.509316  -1.943260
 354 1939  6  -1.048927   0.364827  -0.522492  -0.017831  -2.596492
 355 1939  7  -0.806832   0.518269  -0.257620   0.891549  -0.842896
 356 1939  8  -1.365978  -0.678568  -0.578388   0.075430  -0.592452
 357 1939  9  -1.017536   1.300831  -0.527744   0.926571  -0.738896
 358 1939 10  -0.204538   2.568325  -1.416942   0.039455  -1.170142
 359 1939 11  -1.094432   0.689694  -0.470902   0.230326  -0.525756
 360 1939 12  -1.078917  -1.110119  -0.563843   0.723815  -0.617303
 361 1940  1  -0.047417  -0.826025   0.720297   0.648419  -1.593495
 362 1940  2  -0.802110  -0.393111  -1.086685   2.223465   2.319469
 363 1940  3   0.135469  -0.485825  -1.052450   2.272836   1.381002
 364 1940  4   0.719931  -0.049739  -1.240914   1.570160   0.649000
 365 1940  5   0.861824   0.151481  -1.336161   1.909283  -1.194966
 366 1940  6   0.715293  -0.391033  -2.571001   1.366692  -2.905723
 367 1940  7   0.580776  -0.877446  -2.084035  -0.312147  -1.422423
 368 1940  8  -0.395573  -1.539635  -1.881147   0.179673  -2.404666
 369 1940  9  -0.933580  -1.587232  -1.813991   1.642302  -3.422269
 370 1940 10  -0.033995  -1.319129   0.401501   1.204810  -2.647664
 371 1940 11   0.983963  -0.830501   0.703287   0.847305  -2.101110
 372 1940 12   0.847716  -1.022009   0.066220  -0.317802  -2.114139
 373 1941  1   0.826564  -1.318289  -0.610691   1.016481  -0.521624
 374 1941  2   1.802286  -1.446058  -0.212487   0.400757  -1.592378
 375 1941  3   0.929518  -1.466526  -1.229088   0.927590  -0.006530
 376 1941  4   1.650045  -1.499018  -1.102592   0.895315  -0.781503
 377 1941  5   0.922523  -1.020175  -1.898684   1.682042  -0.384991
 378 1941  6   0.408849  -1.054292  -2.627217   1.900172  -1.894713
 379 1941  7   1.551262  -2.136491   0.556726  -0.629397   0.666109
 380 1941  8   1.252306  -2.809267  -0.447674  -0.476588  -0.798417
 381 1941  9   1.825535  -0.703606  -1.070574   0.104124  -0.516386
 382 1941 10   1.847071   0.150801  -0.543194   0.209375  -0.239505
 383 1941 11   2.393216   0.331247  -1.000896   0.027323  -0.232576
 384 1941 12   2.327287  -0.147616  -1.045347  -0.976408  -2.003910
 385 1942  1   1.569519  -0.994450  -0.567544  -0.603444  -1.219794
 386 1942  2   1.759686  -1.449371  -1.050929   0.103266  -1.095080
 387 1942  3   1.027499  -1.450157  -0.519780   0.734230  -0.669936
 388 1942  4   0.836337  -1.567390  -1.018334   0.425965   0.116008
 389 1942  5   0.702695  -1.398053  -1.338419   1.149417  -0.260468
 390 1942  6  -0.020917  -0.992963  -1.707202   0.891677  -2.244401
 391 1942  7   1.071125  -0.854031   0.510944   0.473830  -1.282410
 392 1942  8   1.570067  -0.228129   1.238014  -1.542457  -2.025792
 393 1942  9   2.111564   0.363859   1.699688  -1.405575  -0.842272
 394 1942 10   1.534698  -0.677851   0.650329   0.395720  -0.300563
 395 1942 11   1.245130  -0.625396   1.809281  -0.485924  -1.920891
 396 1942 12   0.294120  -0.183103   1.074929  -0.003801  -2.965857
 397 1943  1  -0.419990   0.803526   0.597792   0.639700  -1.570955
 398 1943  2  -0.559691   0.181244   1.030753   0.308029  -1.945282
 399 1943  3  -0.324810  -0.443548   0.664669   0.934970  -1.143936
 400 1943  4  -0.592052  -1.228684  -0.348610  -0.985587  -0.908751
 401 1943  5  -0.988792  -0.991568  -0.304318   0.114287  -2.089892
 402 1943  6  -0.355721   0.024379  -0.837230   0.559596  -2.932596
 403 1943  7  -0.030414   0.953555   1.121593   0.769613  -0.110545
 404 1943  8  -0.509551   1.784064   0.193548   1.369029  -0.446583
 405 1943  9  -0.456056   1.245000   0.188256   1.177081  -0.841020
 406 1943 10  -0.579973   1.025016   0.582605   0.868328  -0.987019
 407 1943 11  -0.128556   0.283924   0.037620  -0.697415  -1.039812
 408 1943 12   0.357426  -0.204591  -0.718073  -0.725325  -0.660315
 409 1944  1   0.706401  -0.285401  -0.476325  -0.531288  -1.049409
 410 1944  2   0.519477  -0.435068   0.080421   0.591933  -0.797260
 411 1944  3  -0.014995  -0.332369  -0.400278   0.871214   0.285858
 412 1944  4  -0.170703  -0.140009   0.009152   0.595187  -0.254001
 413 1944  5  -0.585126   0.616301  -1.012684   0.692662  -0.801347
 414 1944  6  -0.482801   1.436404  -0.991678   0.303732  -3.776738
 415 1944  7   0.920448   1.362297  -0.509152  -2.174894  -0.629916
 416 1944  8   0.787024   0.664405  -2.090109  -2.007688   0.177912
 417 1944  9   0.391698   1.673787  -1.132850   0.630548  -1.048831
 418 1944 10   0.319208   1.334842   0.204231   2.333413  -1.175231
 419 1944 11   0.824645   0.642235   0.529830   2.770353  -1.802215
 420 1944 12   1.201207   1.026428   0.212626   1.221104  -0.343508
 421 1945  1   1.093365   0.521916   0.206652   1.408215  -0.396118
 422 1945  2   0.898693   0.464429  -0.403361   1.421418  -0.005536
 423 1945  3   0.677634  -1.010507  -1.476450  -0.988822  -0.348187
 424 1945  4   2.178147   1.059795  -2.031065   1.951282   1.095591
 425 1945  5   0.713309   1.401380  -1.812498   0.816271  -0.486733
 426 1945  6  -0.227659  -0.245427  -1.647720   0.013459  -3.535505
 427 1945  7   0.635301   0.425894   0.340357  -2.209626  -2.468073
 428 1945  8   0.478594   0.488417  -0.706580  -1.601266  -0.860685
 429 1945  9   0.521611   0.423240  -1.762381  -1.705063  -0.239503
 430 1945 10   1.416881   0.483057  -1.984106  -2.011358   0.025158
 431 1945 11   0.676738   1.444619  -0.984351  -0.014832   0.292679
 432 1945 12   0.367720   1.750442   0.466164  -1.160691  -0.561258
 433 1946  1   0.268317   1.329567  -0.036780  -0.886410   0.114047
 434 1946  2  -1.068854  -1.046576  -0.333347  -2.005935   0.218000
 435 1946  3  -0.111542  -1.432310  -0.419259  -1.456527   0.313657
 436 1946  4   1.796634  -0.893040  -0.354946  -0.274651   0.355035
 437 1946  5  -0.648382  -2.389765  -1.493198   0.512755   0.528580
 438 1946  6  -1.126037  -2.305076  -2.641133   2.134222  -0.453530
 439 1946  7  -1.866187  -1.949938  -1.800534   2.314425  -0.045566
 440 1946  8  -1.105527  -0.487923   0.930736   0.298121   0.521644
 441 1946  9  -1.057747   0.224594   0.240121  -0.070591   0.354949
 442 1946 10  -0.437534   0.445627  -0.303583  -1.211742   0.979803
 443 1946 11  -0.260297   0.958125  -0.925107  -1.372258   0.407592
 444 1946 12   0.077661   1.016137  -0.388099  -1.568572  -0.212663
 445 1947  1  -0.471407   0.941571  -0.285361  -0.606685   0.511154
 446 1947  2  -0.714253   0.751361  -1.046589   0.062849   1.360701
 447 1947  3  -0.425164   0.683533  -0.490675  -0.030939   0.567279
 448 1947  4   0.219099   1.938768  -0.760813  -0.330820  -0.575397
 449 1947  5  -0.507770   1.424284  -1.853700  -2.188486  -2.009665
 450 1947  6   0.709935   0.202737  -3.898783   0.119321  -1.223855
 451 1947  7   0.400942  -0.140524  -1.946189   0.210333   3.439156
 452 1947  8  -0.286580   0.477426  -1.161887  -1.242320   3.132863
 453 1947  9  -0.755983   1.138336  -0.400693  -2.985284   2.329817
 454 1947 10   0.438411   0.923065  -0.913871  -3.559913   1.069277
 455 1947 11  -0.300364   0.409412  -1.372738  -1.780642  -0.026423
 456 1947 12  -1.925822   1.819581  -1.495631  -2.237887   0.218231
 457 1948  1  -0.975791   0.317354  -0.989210  -1.791854   0.289444
 458 1948  2  -0.828900   0.090187  -0.789046  -0.999285   1.109711
 459 1948  3   0.346338   1.904827   0.987247   1.148574  -0.433447
 460 1948  4  -1.093409  -1.430350   0.886574   1.275783  -0.476162
 461 1948  5  -0.819532   0.611340  -0.725456   0.504817  -0.710654
 462 1948  6   0.435191   1.253918  -2.143141   0.866366  -2.746509
 463 1948  7   0.904383   2.292998  -1.376887   0.245025   0.455799
 464 1948  8   0.304675   2.491972  -0.979372   0.729923   1.375020
 465 1948  9  -0.807925   2.315967  -0.224781   1.018956   1.693054
 466 1948 10  -2.082938   2.379845  -0.434898  -0.084740   0.788767
 467 1948 11  -1.337827  -0.058483   0.073819  -0.750780   0.395893
 468 1948 12  -0.483845   1.300127   0.993948  -2.282715   0.376715
 469 1949  1  -0.688980   1.699828   0.779107  -1.865955   0.251124
 470 1949  2  -0.575472   1.881853   0.779171  -2.518895  -0.511734
 471 1949  3  -0.518124   1.363337   0.061397  -2.382255  -0.128081
 472 1949  4  -0.248610   1.080316  -0.460575  -1.805947  -0.613366
 473 1949  5  -0.412487   1.248101  -1.772765  -1.133946  -0.504813
 474 1949  6  -1.039386   1.234861  -2.636480  -0.650492  -1.429029
 475 1949  7  -0.102634   2.531504  -1.225721  -1.308391   0.647957
 476 1949  8  -0.377114   2.384412  -0.555884   1.041342   1.945592
 477 1949  9  -0.152200   0.580134  -1.985288   0.574665   1.504531
 478 1949 10  -0.927851   1.308913  -2.820588   0.965382   0.567925
 479 1949 11  -0.519521   0.277653  -2.367485   0.262703   1.046406
 480 1949 12  -0.419685   0.532346  -1.484002   0.385737   0.698710
 481 1950  1  -0.417267   1.208916   0.082702  -0.327701   0.226848
 482 1950  2  -0.400318   1.691686   0.738787  -0.191658  -0.294490
 483 1950  3  -0.465710   1.473384   0.696837  -0.236147  -0.151143
 484 1950  4  -0.761273   0.929767   0.360894   0.145184   0.602561
 485 1950  5  -0.957714   0.886991  -0.184241  -0.367171  -0.466874
 486 1950  6  -1.737360   0.842937  -1.499114  -0.115215  -1.662462
 487 1950  7  -1.537709   1.704203  -0.294966   0.443916  -0.967914
 488 1950  8  -1.399047   1.236775  -0.736215   0.978801  -2.693998
 489 1950  9  -0.742312  -0.293376   0.031804   0.692946  -0.564601
 490 1950 10  -1.243376  -1.054572  -0.081453   1.464778   1.017566
 491 1950 11  -1.714774  -0.330634  -0.014803   2.258446   0.803752
 492 1950 12  -1.179810   0.313065  -0.026900   3.031855   0.939681
 493 1951  1  -1.108690  -0.086242   0.462916   1.791252   1.150312
 494 1951  2  -0.896090   0.678452   0.606075   1.260476   0.555637
 495 1951  3  -1.204192   0.848179   0.707219   0.613946   1.340137
 496 1951  4  -1.416080   0.805547   0.160010   0.107204   1.208314
 497 1951  5  -0.967306   1.241708  -1.095623   0.217897  -0.222633
 498 1951  6  -0.810794   0.676885  -2.454828   0.774049  -1.684860
 499 1951  7   0.514858   0.587373  -2.508179  -0.420389  -0.031025
 500 1951  8   0.717655   0.982375  -1.166670   0.216740  -0.247034
 501 1951  9   0.194457   0.300650  -1.692109   0.602370  -1.181021
 502 1951 10   0.613835   0.622855  -0.829149  -0.279541  -0.112426
 503 1951 11   0.088771   0.375002  -0.695328  -0.434988   0.176242
 504 1951 12  -0.379139   0.741614   0.044598   0.655681   0.763213
 505 1952  1  -0.698626   1.425501   0.529594   0.928459   1.280928
 506 1952  2  -0.806266   0.759700   0.607950   0.569400   1.016578
 507 1952  3  -0.512285   2.242217   0.598643  -0.021297   0.741247
 508 1952  4  -0.929403   1.198423   0.699166  -0.524298   0.343504
 509 1952  5  -1.034817   1.027237  -0.538938   1.889236   0.504620
 510 1952  6  -1.558235   0.974559  -2.069538   1.608978  -0.351975
 511 1952  7  -1.533296   0.613244  -1.919182  -0.170351   0.047534
 512 1952  8  -0.782477   1.361741  -2.119844   0.537512  -0.604667
 513 1952  9  -0.229934   0.851047  -1.836902   0.674046  -0.254651
 514 1952 10   0.279687   0.301905  -2.426262  -0.001368  -1.315038
 515 1952 11  -0.220717  -0.457005  -1.772655   1.154218  -0.056856
 516 1952 12  -0.499960  -0.354151  -0.022824   0.764061  -0.214968
 517 1953  1  -0.821324  -0.790529  -0.203512   0.116125   0.517559
 518 1953  2  -0.955199  -0.299730  -0.383572   0.498681   1.168820
 519 1953  3  -0.535836  -0.375326  -0.221620   0.555496   1.089872
 520 1953  4  -0.476900  -0.592924  -0.275741   0.288995   0.740685
 521 1953  5  -0.387893  -0.608313   0.079891   0.552717  -0.332030
 522 1953  6   0.171778  -0.035237   0.779529  -0.374753   0.113298
 523 1953  7   0.740932  -0.142131  -0.020467  -0.871916  -0.157175
 524 1953  8   0.702633   0.422583  -1.420275  -0.048559  -0.529863
 525 1953  9   0.053368   0.428241  -0.535408   1.444949  -1.261968
 526 1953 10  -0.710005   0.069593   0.036353   2.082541  -1.319633
 527 1953 11  -0.661218  -0.770759  -0.068983   0.874360  -0.099455
 528 1953 12  -0.943996  -0.823156  -0.085339   0.217263   0.359846
 529 1954  1  -0.495494  -0.322443  -0.599141   0.734587   0.588211
 530 1954  2  -0.692105  -0.329984  -0.060556   0.632254   0.441525
 531 1954  3  -0.917772   0.150719  -0.122236   1.032502   1.270751
 532 1954  4  -0.338735   0.507326   0.605648   0.627322  -0.022190
 533 1954  5  -0.231597   0.534280  -0.033817  -0.490646  -0.662573
 534 1954  6  -0.295945  -0.804047   0.723954  -0.640530   0.239525
 535 1954  7  -0.921383  -0.601991   0.809425   0.669140   0.978210
 536 1954  8   0.045323   0.608037  -1.004160  -0.231623   1.725029
 537 1954  9   0.443980   1.234240  -1.372013   1.446348   2.147756
 538 1954 10   0.261819   0.291442  -1.701332   0.056851   0.946106
 539 1954 11   0.097295  -1.187453  -1.331995   0.432874  -0.902400
 540 1954 12  -0.175141  -0.848336  -0.283398   1.011449   0.354096
 541 1955  1  -0.804827  -0.766554  -1.127876   1.278898   2.170407
 542 1955  2  -0.031286  -0.350452  -0.561608   1.487840   1.401872
 543 1955  3  -0.275347   0.460387  -0.249067   0.565405   1.259977
 544 1955  4  -0.522865   0.730666   0.009634   0.362397   0.885368
 545 1955  5  -1.032430   0.223791  -0.361678  -0.126302   0.199552
 546 1955  6  -1.487405   0.252825   0.108556  -0.363851   1.805731
 547 1955  7  -1.069073   0.675369  -0.333682   0.112874   2.391585
 548 1955  8  -0.431649   1.979937   1.725881   1.822143   1.877673
 549 1955  9  -1.128548   0.694084   0.725819   0.639605   1.309218
 550 1955 10  -1.579607   1.198134  -0.166993   1.789508   1.548459
 551 1955 11  -1.384345   1.311158  -1.170658   0.473630   0.943712
 552 1955 12  -0.929098   0.815252  -1.068802   1.436785   1.081242
 553 1956  1  -0.904671   0.789720   0.697716   2.304169   0.466761
 554 1956  2  -0.978263   1.247253   0.836323   2.110930   0.626933
 555 1956  3  -1.023648   1.245919   1.025463   2.293795   0.998253
 556 1956  4  -0.859037   0.919020   0.592234   2.039995   0.696815
 557 1956  5   0.278363   0.223605   0.418267   0.904394  -0.576053
 558 1956  6   0.042816   0.023961   2.180292   0.552996   1.516623
 559 1956  7   0.265390   0.240415   1.204843   1.801334   0.796780
 560 1956  8   0.684062   0.116401   1.585767   2.947805   0.024612
 561 1956  9   0.185110  -0.868555   0.237097   0.887352   0.096584
 562 1956 10  -0.497177   1.075553   0.782621   1.752578  -0.770370
 563 1956 11  -1.787089   1.470380  -0.319757   2.497358  -0.888157
 564 1956 12  -0.951299   1.866944  -0.825242   0.929640   0.291319
 565 1957  1  -0.281887   2.171464   0.464024   0.677936  -0.159337
 566 1957  2  -0.201002   2.353476  -0.081671  -0.027467   0.841425
 567 1957  3   0.279365   1.893613  -0.523529   0.667446   1.287422
 568 1957  4   0.353423   1.787063  -0.598592   0.410974   0.873817
 569 1957  5   1.249804   1.332057  -0.173963   0.564765   0.090631
 570 1957  6   1.872385   0.520938   0.109398   0.581717   0.063776
 571 1957  7   1.333096   0.440776  -0.527620   0.953972  -0.396011
 572 1957  8   1.362673   0.225028  -0.833956   0.707170   0.931444
 573 1957  9   1.166853  -1.345415  -1.638943  -0.549104  -0.178477
 574 1957 10   1.625473  -0.213062  -1.258744  -0.422884   1.097721
 575 1957 11   2.101662  -0.504267  -1.084223  -0.604108   2.206093
 576 1957 12   0.949313  -0.037719  -1.353500   0.225134   0.658448
 577 1958  1   0.360047   0.017697  -1.374899   1.022635   0.423494
 578 1958  2   0.314955  -0.675314  -1.288416   1.825999   1.020720
 579 1958  3   0.831932  -0.013826  -0.975899   1.331106   0.722269
 580 1958  4   0.920823  -0.548319  -0.536277   0.558316   0.408124
 581 1958  5   1.406200  -0.839108  -0.621915   0.349399   1.408171
 582 1958  6   2.244315  -0.613034  -0.776478  -0.378074   2.613274
 583 1958  7   1.428413  -0.784442  -2.378864  -0.646042   1.348365
 584 1958  8   0.692403  -2.118088  -0.596011   0.407866  -0.344821
 585 1958  9   0.152839  -1.583242  -0.244338   0.463464  -0.270054
 586 1958 10  -0.201016  -0.039018  -1.530949   0.996454  -0.356424
 587 1958 11  -0.792415  -0.763929  -1.411499   0.963200  -0.767184
 588 1958 12  -0.293462  -0.827552  -1.652104   0.728601   0.641208
 589 1959  1   0.059897  -0.997689  -0.745308   1.467461   0.279734
 590 1959  2   0.135365  -0.388317  -0.789284   1.096870   0.461316
 591 1959  3   0.013838  -0.341495  -0.513962   1.047401   0.390680
 592 1959  4   0.068736   0.024881  -0.932476   0.478193   0.087388
 593 1959  5   0.320860  -0.010238  -0.301050   0.507583  -1.003550
 594 1959  6   0.539678  -0.817223  -0.558601   1.548138  -0.282223
 595 1959  7  -0.304615  -0.853602  -0.614975   1.929324  -1.424630
 596 1959  8  -0.037322   0.330594   1.021509   0.405215  -1.570174
 597 1959  9  -0.283688   1.198370   1.785231   1.629636  -0.808334
 598 1959 10   0.670267   0.526765   0.028136   0.355101  -1.000130
 599 1959 11   0.921039  -0.007817  -2.279297  -0.458677  -0.028913
 600 1959 12   0.303530  -1.358595  -1.780007   0.238882  -0.088022
 601 1960  1  -0.181091  -1.277951  -0.767064  -0.179972  -0.309297
 602 1960  2  -0.118426  -0.997280  -0.829573   0.447471   0.119296
 603 1960  3  -0.126551  -0.946948  -0.534522   0.206680   0.090998
 604 1960  4  -0.347378  -0.849206  -0.307587   0.292223   0.018670
 605 1960  5  -0.291127  -1.333973   0.334279   0.252018  -0.610972
 606 1960  6   0.553600  -1.645788   1.863205  -1.488432   1.861759
 607 1960  7   0.415150  -0.940558   1.608830  -0.115048   0.413830
 608 1960  8   0.232851  -1.264971   0.359122  -1.360711   0.115158
 609 1960  9  -0.126778   0.122625   0.174012  -0.471654  -0.144348
 610 1960 10   0.186424  -0.325864  -0.788418  -0.152407   0.337456
 611 1960 11  -0.742221  -1.527099  -0.512108   0.552857  -0.362257
 612 1960 12  -0.655803  -1.207896  -0.441391   0.710888   0.346345
 613 1961  1  -0.207519  -1.600183  -0.823442   0.247649   0.061982
 614 1961  2  -0.209278  -1.469820  -0.701123   0.719957   0.040844
 615 1961  3  -0.466864  -1.796306  -0.558370   0.625477   0.461365
 616 1961  4  -0.151558  -1.027616  -0.671736   1.181916   0.536192
 617 1961  5   0.644805  -1.034648  -0.023896   1.401665  -0.485611
 618 1961  6   0.295734  -0.834587   0.836654   1.298078   0.418848
 619 1961  7  -0.403723  -0.475362  -1.386739   1.579077  -0.896909
 620 1961  8   0.286632  -0.076265  -1.453021   1.382770  -0.259426
 621 1961  9  -0.065981   0.387514  -1.635091   0.486975  -0.686004
 622 1961 10   0.085601   1.795589  -0.928319  -0.063539  -0.681613
 623 1961 11  -0.471284   0.493221  -0.846801  -0.115184  -0.132758
 624 1961 12  -0.314932   1.144259  -0.701744  -0.143564   0.617372
 625 1962  1   0.074766   0.978574  -1.500790   0.190026   0.671261
 626 1962  2   0.262158   0.990246  -1.137063   0.102267   0.435876
 627 1962  3   0.545949   0.811659  -0.727458  -0.140648   0.124650
 628 1962  4   0.415485   0.548713  -0.797510   0.880509  -0.337429
 629 1962  5  -0.005029   0.798682  -0.291984   0.930522  -1.193898
 630 1962  6   0.172398   1.817579   0.325922   0.303653   0.794244
 631 1962  7   0.755407   2.065236   0.530353   0.300015  -0.541827
 632 1962  8   0.694269   1.085697  -0.224785   1.027383   1.347034
 633 1962  9   0.352212   1.835129  -0.510936   1.256300   1.674405
 634 1962 10  -0.732054   0.367341   0.658997   2.085816   0.721214
 635 1962 11  -0.512117  -0.915616  -0.527888   1.423945   0.013445
 636 1962 12  -0.135765  -0.548810  -0.793488   1.132806  -0.184161
 637 1963  1   0.653230   0.211244  -0.968678   0.687932  -0.141525
 638 1963  2   0.912236   1.210874  -1.361116   1.040952  -0.182072
 639 1963  3   0.760745   1.117483  -1.212744   1.282795   0.026030
 640 1963  4   0.501528   1.473638  -0.538490   1.412728  -0.088942
 641 1963  5   0.737084   1.298070  -0.375197   2.675604  -0.778518
 642 1963  6   0.732786   0.778445   0.023893   0.287023   1.820325
 643 1963  7   0.318559   2.589788  -0.592289   1.214278   1.993089
 644 1963  8   0.852802   2.522144  -1.426179   1.274990   1.060980
 645 1963  9   1.181091  -0.397955  -2.081585   1.296107  -0.314544
 646 1963 10   0.267225  -0.634378  -0.001118   2.646267  -0.191923
 647 1963 11  -0.823176  -0.721333   0.922830   2.543738  -0.725620
 648 1963 12  -0.042765  -0.466038  -0.055123   1.992939   0.306870
 649 1964  1   0.137438  -0.544062  -0.259496   1.474602   0.715205
 650 1964  2   0.179906  -0.707312  -0.741332   1.670996   0.989098
 651 1964  3  -0.234435  -0.127814  -0.521262   0.579891   0.933862
 652 1964  4  -0.308489   0.511871  -0.128642  -0.708352  -0.053369
 653 1964  5  -0.368520   1.591214   0.732910  -0.735042  -0.621181
 654 1964  6   0.305602   1.110602   0.194006   0.327529  -1.335888
 655 1964  7  -0.585002   0.611211   0.181644  -0.041384  -0.259112
 656 1964  8  -1.182665   1.155019  -0.292740   0.299978   1.047601
 657 1964  9  -1.125002   0.494691  -1.922479  -0.534355   1.426296
 658 1964 10  -0.766987  -0.863458  -0.640609   0.263937   1.331467
 659 1964 11  -0.932931  -0.239223  -0.415062   0.546676   0.306216
 660 1964 12  -0.876816   0.798716  -0.354237   0.271254   0.603434
 661 1965  1  -1.042245   1.135469   0.262484  -0.299106   0.792918
 662 1965  2  -0.818278   0.796171  -0.112274  -0.700039   0.592350
 663 1965  3  -0.111238   0.947806  -0.561231  -0.816207   0.413989
 664 1965  4  -0.101863   1.174643  -0.594539  -1.245625   0.618404
 665 1965  5  -0.727443   1.140251  -0.568918  -1.046584  -0.297770
 666 1965  6  -0.804704   1.068172  -0.259196  -2.324740   0.737531
 667 1965  7  -1.035995   0.945055  -1.611594  -2.170837  -1.660742
 668 1965  8  -0.909732  -0.518007  -0.762844   0.469602  -0.413894
 669 1965  9   0.373621   0.115034  -1.846981  -0.420064   1.074459
 670 1965 10  -0.494284  -0.381401  -1.611198   0.650881  -0.844774
 671 1965 11  -0.254591  -0.023663  -0.917259   1.488154  -0.128641
 672 1965 12  -0.367230  -0.031980  -0.287528   0.397047   0.457181
 673 1966  1  -0.380471   0.473970   0.343263  -0.232871   0.601124
 674 1966  2  -0.170953  -0.173402  -0.216854  -0.234197   1.069538
 675 1966  3  -0.341436   0.057552   0.053557   0.224345   0.646186
 676 1966  4  -0.206627   0.735482  -0.154599  -0.324238   0.279394
 677 1966  5  -0.223448   0.804141   0.376385  -1.021283  -0.411275
 678 1966  6   0.247757   0.622896   1.142136  -0.870453   1.052052
 679 1966  7  -0.229055  -0.401799  -0.631647  -0.811063   0.839989
 680 1966  8  -0.438711  -0.914746   0.013495  -1.453304   0.326993
 681 1966  9  -0.604974  -1.281112   0.110906   0.099594  -0.407968
 682 1966 10  -0.867039  -0.718074   0.251900   0.366389   0.138535
 683 1966 11  -0.571910   0.442466   0.531089   0.188507   0.554694
 684 1966 12  -0.342783   0.519632   0.289439   0.415213   0.051734
 685 1967  1  -0.454765  -0.089350   0.027527   0.259471   0.178768
 686 1967  2  -0.344322  -0.252489  -0.194093  -0.058663   0.781441
 687 1967  3  -0.156877   0.513978   0.145828  -0.449898   0.590879
 688 1967  4   0.028651   0.866706   1.130875  -0.578433   0.690108
 689 1967  5   1.381111   1.381276   2.383169  -0.051661   2.174784
 690 1967  6   1.848436   1.877033   2.183921  -0.654218   1.619492
 691 1967  7   1.466776   2.128358   0.693012   0.862558  -0.240194
 692 1967  8   1.628080   1.987621   0.617388   1.918276  -0.794892
 693 1967  9   0.528974  -0.563663   0.884668   1.455837  -0.603501
 694 1967 10  -0.014597  -1.650648   1.475624   1.166342   0.046576
 695 1967 11   0.140681  -0.528368  -0.118542   0.531578   0.525099
 696 1967 12  -0.501391   0.264763   0.599362   0.045613   0.997775
 697 1968  1  -0.436352   0.469132   0.337921   0.043566   0.806892
 698 1968  2  -0.568802   1.037093   0.224294   0.632687   1.063378
 699 1968  3  -0.103519   0.575023  -0.021175   0.735801   0.618219
 700 1968  4  -0.240385   0.680566   0.385807  -0.049429   0.149190
 701 1968  5   0.345664   0.999290  -0.050310  -0.194192  -0.156013
 702 1968  6   0.977539   0.690384   0.532941   0.937919   0.628616
 703 1968  7   0.477693  -1.080635  -0.684165   1.593417   0.323335
 704 1968  8   0.186264  -1.495474  -1.330044  -0.446525   0.536844
 705 1968  9  -0.233614  -1.271768   0.104251  -0.142730   0.078804
 706 1968 10  -0.899092   0.180340   0.886129   0.498295   0.167964
 707 1968 11  -1.122980  -0.409502   0.097462   0.315293   0.603489
 708 1968 12  -0.960787  -0.192333   0.221004   0.184935  -0.076438
 709 1969  1  -0.801951   0.200020   1.263892   0.189509   0.045950
 710 1969  2  -1.003553   0.368994   1.582606  -0.137923  -0.055686
 711 1969  3  -0.938259   0.182471   1.058345  -0.611165   0.099153
 712 1969  4  -0.794763   0.170478   1.060636   0.222532   0.130123
 713 1969  5  -0.543781  -0.191196   1.195962  -0.431272  -0.044763
 714 1969  6   0.097395  -0.652748   1.180502  -0.726199  -0.172519
 715 1969  7   0.512059  -0.115223   0.749177  -0.778932  -0.857143
 716 1969  8   0.295803   1.856808   1.822652   0.820602  -1.201434
 717 1969  9  -0.034390   0.814336   1.650241   0.901761  -0.124091
 718 1969 10   0.032410  -1.505088   0.191831   0.649363   0.855521
 719 1969 11  -0.301333  -0.933440  -0.100742   1.094424  -0.512656
 720 1969 12  -0.098177  -1.165262  -0.285083   0.809687  -0.180863
 721 1970  1   0.001604  -1.250168  -0.240253   0.553588  -0.181061
 722 1970  2   0.155727  -0.998726  -0.334200   1.055179  -0.061022
 723 1970  3   0.454231  -1.051826  -0.289883   0.820012  -0.260815
 724 1970  4   0.306088  -0.406301  -0.346179   0.472016   0.151235
 725 1970  5  -0.052976   0.058887   0.134168   0.602649   0.216436
 726 1970  6   0.052799  -0.141449   0.968398  -0.514611  -1.024339
 727 1970  7  -1.138717  -0.553241   0.855020   0.060141  -0.762580
 728 1970  8  -1.505893   0.096177   0.861424   0.455088  -0.798987
 729 1970  9  -0.631898   0.404021   0.744094  -0.395330  -0.512144
 730 1970 10   0.029930   1.033933   0.107627   0.140161  -0.631205
 731 1970 11   0.118115   0.846905   0.289409   1.699367  -0.385773
 732 1970 12   0.185150   1.098338   1.403819   1.367536   0.242679
 733 1971  1  -0.454616   1.005509   0.681446   0.970335   0.091036
 734 1971  2  -0.679818   1.603871   0.438687   0.616198   0.241807
 735 1971  3  -0.849318   1.245044   0.738832   0.141331   0.023812
 736 1971  4  -1.027529   0.895906   0.461188   0.222298   0.265017
 737 1971  5  -1.729809   0.960113   0.019206  -0.220149  -0.536496
 738 1971  6  -2.179769   0.610846   0.195218  -0.405504  -0.580488
 739 1971  7  -1.765409   1.811273   0.073376   0.332653   1.100614
 740 1971  8  -1.341033   0.068545  -0.048977   0.156230   1.317380
 741 1971  9  -2.586098  -1.216019   1.013430   0.430960   0.445208
 742 1971 10  -2.151414  -0.643236   0.484253  -0.353067   0.600957
 743 1971 11  -1.675392   0.683018   0.241156  -0.423661   0.606920
 744 1971 12  -0.897650   1.355110   0.312414   0.003840   0.809369
 745 1972  1  -1.067341   0.996979   0.220449  -1.140773   1.156022
 746 1972  2  -1.217182   1.432666   0.715209  -1.136783   0.493850
 747 1972  3  -1.022485   1.476296   0.610718  -0.774007   0.167494
 748 1972  4  -0.948595   1.558738   0.916200  -0.002125  -0.042519
 749 1972  5  -0.919418   1.851614   0.197193  -0.027404  -0.337444
 750 1972  6  -0.948929   1.929499   0.497817  -0.378366   0.386262
 751 1972  7  -0.412372   1.066483  -0.825671  -0.258037   1.199498
 752 1972  8  -0.438450  -0.217479  -0.864964  -0.715509   0.110477
 753 1972  9  -1.292938   0.215328  -1.081861  -0.533948  -0.874904
 754 1972 10  -1.508309   1.029093  -1.682378  -1.336475   0.110713
 755 1972 11  -0.664528   0.369303  -1.535518  -1.164244   0.907295
 756 1972 12  -0.430010   0.943976  -0.829957  -1.287835   0.682295
 757 1973  1  -0.469117   0.153599  -0.220923  -1.450053  -0.007778
 758 1973  2  -0.421667   0.206665   0.121866  -1.013254  -0.403259
 759 1973  3  -0.338563   0.099925  -0.109990  -0.644567  -0.350522
 760 1973  4  -0.294734   0.141270  -0.347697  -0.126837  -0.357592
 761 1973  5  -0.654727   0.049743  -0.598382   0.175473  -0.679535
 762 1973  6  -0.957881  -0.308758   0.822220   0.014792   0.343195
 763 1973  7  -1.662083  -1.345909   0.681989   0.516770  -0.389378
 764 1973  8  -1.593625  -0.650756   0.247740  -1.048544  -0.124213
 765 1973  9  -1.351470  -1.580994   0.170430  -1.358852   0.276737
 766 1973 10  -1.231696  -0.618123   0.612303   0.468343  -0.538137
 767 1973 11  -1.044091   0.429922   1.785066   0.072440  -0.461007
 768 1973 12  -0.561116   0.284502   1.402096   0.682104  -0.015589
 769 1974  1  -0.247071   0.611251   1.071589  -0.171569   0.139540
 770 1974  2  -0.634027   1.061621   0.534161   0.577514  -0.003640
 771 1974  3  -0.790640   1.040203   1.127025   0.126294  -0.206601
 772 1974  4  -0.570390   0.640158   0.610912   0.562626   0.662887
 773 1974  5  -0.325390   0.400143   0.541716   0.096885   1.420132
 774 1974  6  -0.225265   0.061354   2.216492  -0.397568   1.978318
 775 1974  7  -0.090669  -0.030744   1.928266   1.171256   1.180105
 776 1974  8   0.246437  -0.771777   1.115559  -0.011889   1.440462
 777 1974  9   0.968154  -0.865943  -0.222122  -0.491616   0.640182
 778 1974 10   0.498575   0.368452  -0.528425  -0.376945  -1.507151
 779 1974 11   0.026113  -0.541528  -0.510618  -0.147785  -0.668915
 780 1974 12  -0.173591  -0.346800  -0.839902   0.141933   0.188965
 781 1975  1  -0.300663   0.078878  -0.370495  -0.021732   0.096804
 782 1975  2  -0.515388  -0.034480   0.652965  -0.747608  -0.301207
 783 1975  3  -0.465612  -0.188990   0.489375  -0.478046   0.023962
 784 1975  4  -0.703268   0.338920   0.375292  -0.503472   0.238801
 785 1975  5  -1.045908   0.360749   0.028444  -0.400701   0.010522
 786 1975  6  -1.332517   0.447812   0.824382  -2.299105   1.070686
 787 1975  7  -1.343034  -0.491295  -0.258309  -1.642076  -0.319029
 788 1975  8  -1.328861  -1.170261   1.031483  -1.733886   0.146958
 789 1975  9  -1.010996   0.167196   0.220512  -0.787711  -0.129465
 790 1975 10  -0.887158   0.062603   0.643567   0.148779   0.107024
 791 1975 11  -1.579262  -0.168815   0.614510   0.011647   0.554017
 792 1975 12  -1.199664   0.518810   0.328277  -0.396683   0.516233
 793 1976  1  -0.885106  -0.061613   0.210253  -0.311388   0.285460
 794 1976  2  -0.788774   0.214376  -0.223287   0.059924   1.010802
 795 1976  3  -0.912782   0.114447   0.229319  -0.204051   0.857416
 796 1976  4  -1.272084  -0.225309   0.267035   0.026520   1.214062
 797 1976  5  -1.623370  -0.455950  -0.289294   0.146811  -0.075126
 798 1976  6  -1.410105   0.391039  -0.050097  -0.457269   2.251185
 799 1976  7  -1.307977  -1.564875   0.359166  -0.015644   1.548382
 800 1976  8  -1.402440  -2.830618   0.733472  -1.462635   1.830835
 801 1976  9  -1.619042  -2.481095   0.834432  -1.115831   1.288272
 802 1976 10  -0.730031  -2.040862   0.578268  -1.242147   1.759667
 803 1976 11  -0.518123  -1.687587   0.173684  -0.738977   1.040849
 804 1976 12   0.028744  -1.081156  -1.515657   0.021564   0.148193
 805 1977  1   0.278868  -0.757858  -1.346985   0.204247   0.647481
 806 1977  2   0.730483  -1.007770  -1.385597   0.661329   0.827315
 807 1977  3   0.388334  -1.061927  -0.652178   0.024432   0.453415
 808 1977  4  -0.103568  -0.589700  -0.757727  -0.095622   0.277040
 809 1977  5  -0.085145  -0.438929  -0.519305   0.269028   0.007902
 810 1977  6   0.620310  -0.472480   0.843237   0.406291   1.702994
 811 1977  7   0.562552  -0.513767   0.866720  -0.007794   0.696699
 812 1977  8   0.749794  -0.987504   1.590472   0.856408  -0.513884
 813 1977  9   1.052645   0.444736   1.101402   2.082350  -0.333070
 814 1977 10   0.247477   0.779804   0.281070   1.543556   0.740589
 815 1977 11  -1.145489  -1.325930   0.514397   0.356140   0.609428
 816 1977 12  -0.659900  -0.428332   0.359385  -0.208762  -0.286037
 817 1978  1   0.158384  -0.408991   0.304280  -0.336240  -0.407429
 818 1978  2   0.230941  -0.791293   0.047848  -0.443403  -0.952229
 819 1978  3   0.506288  -1.006399  -0.115167  -0.751873  -1.011579
 820 1978  4   0.639661  -0.598507   0.146836  -0.287075  -0.571359
 821 1978  5   0.622360  -0.972715   1.182156  -0.577345   0.782220
 822 1978  6   0.411247  -0.938750   1.364655  -0.574606   1.837091
 823 1978  7  -0.312849  -0.186674   0.229755  -1.567334  -0.301452
 824 1978  8  -0.348928  -0.840275   0.497980  -0.692657   0.727393
 825 1978  9  -0.115217  -0.381388   1.186956   0.863752   1.064824
 826 1978 10   0.433658  -0.333318   1.050054   0.332376  -0.156656
 827 1978 11   0.299243   0.459031   0.088669  -0.599867   0.067975
 828 1978 12   0.678181   0.342926  -0.045091  -1.348273   1.135846
 829 1979  1   0.965946   0.226090  -0.022996  -1.776647   0.670128
 830 1979  2   0.482799   0.336201  -0.024816  -1.537497  -0.451735
 831 1979  3   0.647241   0.147245  -0.229424  -1.220710  -0.569299
 832 1979  4   0.988339   0.291166  -0.050599  -0.805136   0.370117
 833 1979  5   1.089186  -0.518268   0.468649  -1.723038   1.733328
 834 1979  6   1.056168   0.266683   1.038149  -1.805104   2.056686
 835 1979  7   0.979229   0.794798  -0.168778   0.027736   0.856696
 836 1979  8   0.996251  -0.421125  -0.472710   0.205433  -0.045877
 837 1979  9   1.243152  -0.580189   0.360661   1.469430   0.518924
 838 1979 10   0.452617  -2.351325  -0.220207  -0.277786   0.537814
 839 1979 11   0.776888  -1.460809   0.821302   0.031843   1.154701
 840 1979 12   0.479279  -0.460508   0.550681   0.223661   0.201004
 841 1980  1  -0.079413   0.132998   0.407860   0.702955  -0.462122
 842 1980  2  -0.042456   0.028470  -0.228407   0.225814  -0.266069
 843 1980  3   0.265221  -0.198257  -0.193028  -0.113617  -0.022674
 844 1980  4   0.027495  -1.034345  -0.157821  -0.197875   0.706157
 845 1980  5  -0.174739  -1.174848  -0.076157  -0.255721   1.379894
 846 1980  6  -0.162884  -0.292383   0.312625  -0.940295   2.190024
 847 1980  7  -0.254334   0.875766  -0.318133   0.450428  -0.111496
 848 1980  8  -0.063987   1.183003   0.498921  -1.594558   1.689886
 849 1980  9   0.022922   1.431161  -0.436758  -1.838621   0.592493
 850 1980 10  -0.380259  -2.264277  -0.350942  -1.208786   0.312624
 851 1980 11  -0.037502  -1.832849  -0.263493  -0.310409   0.239618
 852 1980 12  -0.136375  -1.112498  -0.571145   0.054267  -0.153308
 853 1981  1   0.198591  -0.447505  -0.970168   0.649838  -0.412304
 854 1981  2   0.409882  -0.398599  -0.625066   0.377939  -0.703315
 855 1981  3   0.621799  -0.736360  -0.787143   0.660223   0.345683
 856 1981  4   1.096172  -1.046340  -0.074947  -0.150370   0.353721
 857 1981  5   1.360505  -1.166810   0.778587   0.270243   1.792697
 858 1981  6   1.630229  -1.526268   1.961544   0.035154   1.552843
 859 1981  7   0.709940  -1.245263   0.717855  -0.214415   0.079848
 860 1981  8   0.891706  -0.107392   0.403055   0.470826  -0.793026
 861 1981  9   0.611485  -1.270613   1.071641   0.795143  -1.233833
 862 1981 10   0.699553   0.566309   2.533024   0.924889  -0.655017
 863 1981 11   0.496343   0.238584   0.987699   1.062222  -0.699427
 864 1981 12   0.065123  -0.596237   0.507338   0.960320  -0.377090
 865 1982  1   0.162609  -0.083165   0.745716   0.210771  -0.034235
 866 1982  2   0.426486   0.571031   1.098752   0.102583  -0.239254
 867 1982  3   0.098509   0.589403   1.041458   0.368863  -0.299436
 868 1982  4  -0.339769   1.138287   1.401102   0.348158  -0.575413
 869 1982  5  -0.523656   1.085474   1.114872  -0.130320  -0.147219
 870 1982  6  -0.439283   0.630396   1.040962  -0.945109   1.960953
 871 1982  7  -1.629588  -0.700008  -0.457041  -1.045753   0.635044
 872 1982  8  -1.382726  -0.834290  -0.297788  -0.015516   1.537048
 873 1982  9  -0.783546  -0.659602  -0.675606  -0.339248  -0.028371
 874 1982 10  -0.452810  -0.326331   0.118765  -0.190034  -0.133990
 875 1982 11  -0.511974   0.934967  -0.094517   0.637297  -0.175408
 876 1982 12   0.098884  -0.092835   0.324233   0.050102   0.291561
 877 1983  1  -0.036999  -0.553070   0.325623   0.400867  -0.117800
 878 1983  2   0.136639  -0.841470  -0.150854   0.648340   0.071626
 879 1983  3   0.808836  -1.043795  -0.446512   0.894951   0.193724
 880 1983  4   0.690920  -1.324821  -0.101562   0.982837   0.718535
 881 1983  5   1.121950  -1.096961   0.058140   0.315824   1.125344
 882 1983  6   1.177486  -1.830503   0.300833  -0.181866   2.054422
 883 1983  7   0.728093  -3.186718   0.447788  -0.305773   0.213318
 884 1983  8   0.328233  -1.759613   0.336315   0.969440   0.707754
 885 1983  9   0.419780   0.269282   0.147202   0.176773   1.122063
 886 1983 10   0.312055   0.254178  -0.756611  -0.793879   0.604555
 887 1983 11   0.242042  -0.462541  -0.008016   0.030839   0.081906
 888 1983 12   0.964361  -1.012500   0.434567  -0.262196   0.611644
 889 1984  1   1.067107  -0.268681   0.041122  -0.050587   0.213128
 890 1984  2   0.542361  -0.560285  -0.313602   0.366456  -0.309541
 891 1984  3   0.653023  -0.577524  -0.486758   1.036690   0.142897
 892 1984  4   0.376832  -0.603599  -0.378483   0.665299   0.480420
 893 1984  5   0.472609  -0.896057   0.080138   0.746332   0.064011
 894 1984  6   0.993170  -0.691448   1.358352   0.010059   2.182843
 895 1984  7   0.042763  -0.942586   0.306142   0.606454   0.236193
 896 1984  8   0.474378  -0.934980  -0.297077   1.217520  -0.347720
 897 1984  9   0.188359   0.028674   0.646626   1.117224   0.146377
 898 1984 10   0.221765  -0.601565   0.930746   0.525996  -1.012065
 899 1984 11   0.376735  -0.335715   0.926846   0.302682  -0.657807
 900 1984 12   0.687702  -0.499575   0.785183  -0.035467   0.432949
 901 1985  1   1.023259  -0.368073   0.157036  -0.429456   0.416838
 902 1985  2   1.155120   0.012883   0.426845  -0.692877   0.062711
 903 1985  3   0.565469   0.183794  -0.003381  -0.708856  -0.207551
 904 1985  4  -0.148497  -0.027345  -0.224864  -0.649228  -0.102142
 905 1985  5  -0.481947   0.021891  -0.431001  -0.628899  -0.220480
 906 1985  6  -0.891393  -0.182579   0.376221  -1.850372   0.241507
 907 1985  7  -0.733599   0.140928  -0.305935   0.009058   0.347916
 908 1985  8  -0.772848  -0.591487  -0.277405  -1.422434   1.688395
 909 1985  9  -0.221365   1.440604  -0.932383  -0.376429   1.971952
 910 1985 10   0.046802   1.498902  -1.435488  -1.605662   1.943066
 911 1985 11   0.004212   2.463548   0.151585  -2.471548   0.690028
 912 1985 12   0.631709   1.285389   0.017988  -2.584973   1.040898
 913 1986  1   0.855743  -0.037755  -0.579133  -1.700696   0.198504
 914 1986  2   0.931439  -0.360136  -0.482640  -1.115465  -0.290429
 915 1986  3   0.684543   0.099017  -1.227122  -0.353776  -0.039182
 916 1986  4   0.714773   0.036173  -0.020725  -0.770239  -0.244895
 917 1986  5   0.487108   0.092466   0.718922  -1.374044   0.557158
 918 1986  6  -0.074338  -0.512914   0.673794  -0.851670  -0.061201
 919 1986  7  -0.702531  -0.813362   0.442510  -0.233208  -1.606590
 920 1986  8  -0.260992  -0.086244  -0.656045  -0.545386  -1.169658
 921 1986  9   0.425605   0.371624  -0.973392  -0.420731   0.137614
 922 1986 10   1.370908   1.133111  -1.859280  -1.263828   0.686471
 923 1986 11   2.007342   0.591224  -1.993198  -0.792323  -0.736952
 924 1986 12   1.653135  -0.396332  -0.766887  -0.764545   0.300044
 925 1987  1   1.000554  -1.024072  -1.448279  -0.030195   0.142431
 926 1987  2   0.828703  -1.389728  -1.136192   0.108800   0.088111
 927 1987  3   1.183757  -1.014987  -0.867466  -0.565749  -0.243542
 928 1987  4   0.905936  -1.372935  -0.547214  -0.097401  -0.417798
 929 1987  5   0.472122  -1.281302  -0.400465   0.306840  -0.461611
 930 1987  6  -0.441038  -1.330571   1.646482   0.124720  -0.084527
 931 1987  7  -1.116941  -2.627721   0.621720  -0.328843  -1.011706
 932 1987  8  -0.275354  -2.356189  -0.383357  -2.163294   0.533350
 933 1987  9  -0.236880  -2.061007   0.110221  -0.999258  -0.042120
 934 1987 10  -0.368130  -1.541953  -0.097616   1.286303  -0.702196
 935 1987 11   0.528937  -0.867928  -0.490306   0.665760  -0.180358
 936 1987 12   0.165024  -1.701447   0.165858   0.223597  -0.168144
 937 1988  1   0.342013  -2.106591   0.399620  -0.232221  -0.435338
 938 1988  2   0.767418  -1.819813  -0.130113  -0.449079  -0.422877
 939 1988  3   0.198082  -1.373222  -0.369325  -0.022355  -0.203343
 940 1988  4   0.074200  -1.762502   0.179873  -0.359637   0.030052
 941 1988  5   0.079243  -1.887210   1.154719  -0.252077   1.792519
 942 1988  6  -0.471975  -1.837645   1.215592  -0.233800   2.318837
 943 1988  7  -0.762352  -1.868088   0.447598   0.647686   0.196438
 944 1988  8  -0.943657  -1.470748   0.573909  -0.723500   0.826830
 945 1988  9  -1.064797  -1.727780   0.036307  -1.073774   0.878912
 946 1988 10  -0.109271  -1.540967   0.610661  -0.828360  -0.400969
 947 1988 11  -0.108262  -0.709835   0.531200   0.275146  -0.736679
 948 1988 12  -0.441068  -0.309136   0.092180   0.642700  -0.222983
 949 1989  1  -0.473468  -0.492783   0.162657   0.173715   0.558307
 950 1989  2  -0.324684   0.268038   0.671832  -1.141281   0.213592
 951 1989  3  -0.401007  -0.137091   1.105303  -0.672075   0.528468
 952 1989  4   0.214571  -0.617629   0.928685  -0.227111   0.489261
 953 1989  5   0.680508   0.254766   0.914197  -0.286922   1.728159
 954 1989  6   0.392128   0.236727   0.892836  -0.504696   0.955114
 955 1989  7   0.533927   0.414721   0.007201   0.534399  -0.274206
 956 1989  8   1.193575   0.288469  -0.265899  -0.020628   0.281115
 957 1989  9   1.302288   0.059559  -1.295252  -1.267330   1.014792
 958 1989 10   1.043761   0.525195  -0.697896  -0.654238   1.487296
 959 1989 11   0.640574   1.408243  -0.067456  -0.684293   1.036253
 960 1989 12   0.405669   0.927866  -0.786306  -0.298838   0.068652
 961 1990  1   0.627247   0.681503  -0.791289  -0.420403  -0.216669
 962 1990  2  -0.115771   0.186158   0.043282  -0.929181   0.297357
 963 1990  3  -0.051345   0.335550   0.025755  -0.539090  -0.241081
 964 1990  4   0.494590   0.212278  -0.248469  -0.700767  -0.251040
 965 1990  5   0.842843   0.431329  -0.196656  -0.845117   0.996574
 966 1990  6   0.952431  -0.113762   0.259043   0.265349   0.270782
 967 1990  7   0.661575  -0.194716  -0.071876   1.633039  -1.386802
 968 1990  8   0.415863  -0.434152   0.532686   1.507105   0.183611
 969 1990  9   0.584897   0.179180  -1.084071   1.462135   1.028440
 970 1990 10  -0.088971   0.933473  -0.659453   0.205141  -0.419029
 971 1990 11   0.071500   1.599825   0.942841   0.394743  -0.246231
 972 1990 12   0.245639   2.370202   1.186057   0.604415  -0.545199
 973 1991  1   0.745836   2.647395   0.429009   0.069556  -0.465230
 974 1991  2   0.399340   2.260886  -0.464050   0.789966  -0.241294
 975 1991  3   0.657358   2.045688  -0.501654   0.137272  -0.012834
 976 1991  4   0.405275   1.645898  -0.471774   0.414779   0.176554
 977 1991  5   0.116498   1.092502  -0.260341  -0.752174   0.643346
 978 1991  6   0.427286   1.214342   0.097439  -1.197625   0.598275
 979 1991  7   0.664024   0.998283  -0.357007  -0.794261   0.382193
 980 1991  8  -0.049735  -0.214018   1.261135  -1.657868  -0.917400
 981 1991  9   0.451398  -0.949519   0.616321  -2.578751   0.075558
 982 1991 10   1.132955  -0.246270  -0.562074  -2.638907   0.127323
 983 1991 11   1.852607   0.871618  -0.402717  -2.472387   0.184346
 984 1991 12   0.851182   0.582740  -0.582966  -1.087955  -0.284171
 985 1992  1   0.661412  -0.282760  -0.903569  -0.341674  -0.570172
 986 1992  2   0.670227   0.057857  -0.614779   0.236639  -0.142331
 987 1992  3   0.734561   0.229236  -1.235028   0.227751  -0.215244
 988 1992  4   0.728983   0.233182  -0.795922   0.399640  -0.604898
 989 1992  5   0.955349   0.748278  -0.416343  -0.002349  -0.049760
 990 1992  6   0.934441   0.876488  -0.412371  -0.548664   0.390593
 991 1992  7   0.190654   0.133564  -2.845943  -0.037870  -0.964952
 992 1992  8  -0.334734  -0.981718  -2.006765  -0.919183  -1.262459
 993 1992  9  -0.468759   0.208900  -2.152956  -1.140130  -1.318980
 994 1992 10  -0.316481   0.214700  -1.194778  -0.874369  -0.796758
 995 1992 11   0.490221  -0.163307  -1.156875  -0.707476  -0.514478
 996 1992 12  -0.240892  -0.332757  -0.918510  -0.236810  -0.211126
 997 1993  1   0.079865   0.414688  -0.255452  -0.306619   0.509672
 998 1993  2   0.182206   0.453530  -0.388458  -0.373919   0.106078
 999 1993  3   0.578172   0.212218  -0.421228  -0.479289  -0.306613
1000 1993  4   1.122028  -0.141082   0.402948  -0.568730   0.599656
1001 1993  5   1.196162  -0.578419   0.230046  -0.248840   0.596168
1002 1993  6   1.374398  -0.267572   0.003500   1.331820   0.368363
1003 1993  7   1.011585  -0.314523  -1.346732  -0.415494   0.417191
1004 1993  8   1.068447  -1.224533  -0.327949  -0.520900   0.787261
1005 1993  9   0.707021  -0.391105  -1.093401  -1.362643   0.705921
1006 1993 10   1.069337   0.680599  -2.045025  -0.679646   1.127090
1007 1993 11   1.688664   0.732705  -1.436567  -1.510229   1.448388
1008 1993 12   1.117392   0.253134  -1.214254  -0.302222   0.933042
1009 1994  1   1.030863   0.041749  -1.797037   0.147292   0.461141
1010 1994  2   1.410426   0.407219  -0.656129  -0.560974  -0.579159
1011 1994  3   0.994869   0.383662  -0.655023   0.253468  -0.329938
1012 1994  4   0.884703   0.378354  -0.526852   0.119390  -0.549332
1013 1994  5   1.190706  -0.188840   0.724998  -0.446860   1.088417
1014 1994  6   1.208509  -0.389475   1.548275   0.089989   1.511026
1015 1994  7   0.514471   0.614206   0.381718   0.852201   0.276008
1016 1994  8   0.809608   0.798796  -1.072857   1.589507   0.751739
1017 1994  9   0.259197   1.075524  -0.466934   1.965143  -1.689264
1018 1994 10   0.090604   0.837857  -0.649729   0.549581  -1.909129
1019 1994 11  -0.314201   1.532223   1.128584   0.198957  -0.774192
1020 1994 12  -0.319533   1.695222   0.379310   0.454958  -0.081109
1021 1995  1  -0.081335   0.124025  -0.382968   0.519465   0.216044
1022 1995  2   0.021413  -0.129269  -0.693351  -0.084021   0.245367
1023 1995  3   0.333848   0.512859  -0.010341   0.370068  -0.819154
1024 1995  4  -0.058714   0.077578   0.414466   0.346490  -0.753044
1025 1995  5   0.713401  -0.107555   0.059380   0.335402   0.766975
1026 1995  6   0.009190  -0.723425   1.049335   0.187868   1.086033
1027 1995  7   0.138388  -0.924580  -1.253914   1.020124  -0.117888
1028 1995  8   0.093627   0.194549   0.244719  -0.566431  -0.361174
1029 1995  9   1.025221  -0.965259   0.701318   0.225080   0.417159
1030 1995 10   0.364291  -1.364634   0.291311   0.039320   1.514051
1031 1995 11   0.007283   0.469306  -0.147141   0.116352  -0.537567
1032 1995 12   0.489136   0.913978   0.301540   0.511808  -0.680165
1033 1996  1   1.051470   0.741698   0.432545  -0.106024  -2.005185
1034 1996  2   0.991220   1.023167   0.437699  -0.129913  -1.396813
1035 1996  3   1.223344   1.047055   0.486723  -0.121921  -0.942745
1036 1996  4   1.191631   0.780230   0.477512  -0.382816  -0.446492
1037 1996  5   1.513472   0.323093   1.546546   0.100285   1.066675
1038 1996  6   0.992001   0.704068   1.692620   0.872502   0.970840
1039 1996  7   0.483401   0.365094   0.177094  -0.590052  -0.288532
1040 1996  8   0.378084   0.942278   0.508608   1.236564   0.224098
1041 1996  9   0.418573   0.317006   1.059165   1.329651  -0.916170
1042 1996 10   0.177199   0.430618   1.350758   0.313106  -1.683563
1043 1996 11   0.538010   1.255757   0.959343  -0.017918  -0.781275
1044 1996 12   0.441911   1.200321   1.389749  -0.087530  -0.507683
1045 1997  1   0.437323   0.939458   0.547193  -0.373801  -0.830876
1046 1997  2   0.744938   0.806727   0.123884  -0.395261  -0.836975
1047 1997  3   0.647929   0.686838   0.433232  -0.263260  -1.259349
1048 1997  4   0.857291   0.851540   0.170075  -0.216273  -1.043352
1049 1997  5   1.713817   0.103873   0.664163  -0.444210   0.389023
1050 1997  6   2.498292   0.305691   0.681690   0.087948   0.816083
1051 1997  7   2.096885  -0.286811  -0.126773   1.637269   0.428024
1052 1997  8   2.141721  -0.882523  -0.877902   0.589995   0.077253
1053 1997  9   2.049146  -0.460088  -0.269130   1.201566   0.530054
1054 1997 10   1.081858  -1.100645   0.829907  -0.281153   0.903976
1055 1997 11   1.240532  -0.585790   0.274504   0.297939   0.840311
1056 1997 12   0.606021  -0.864893  -0.173662   1.174946   0.027755
1057 1998  1   0.193494  -0.642879  -0.491192   1.463404  -0.343306
1058 1998  2   0.531832  -0.665514  -0.821204   1.786622   0.191527
1059 1998  3   1.266898  -1.080686  -0.343678   1.224386   0.236902
1060 1998  4   0.942016  -1.208538   0.069367   0.866256   0.310075
1061 1998  5   0.528389  -0.913344  -0.294000   1.068447   1.159640
1062 1998  6   0.392757   0.364610  -1.597145  -0.594369   0.842065
1063 1998  7   0.743881  -0.028429  -0.487484   0.224449  -0.215417
1064 1998  8   0.320106   0.080105  -0.163434   1.971605  -1.586716
1065 1998  9  -0.913899  -0.869507   0.038255   1.776697  -1.016933
1066 1998 10  -0.331541   0.564505  -0.350005   2.078546  -0.218519
1067 1998 11   0.553179  -0.445368  -0.333419   1.018407   0.261434
1068 1998 12  -0.050942  -1.274298   0.197374   0.686189   0.983133
1069 1999  1   0.187187  -0.654327  -0.455360   0.567202   0.372363
1070 1999  2  -0.176672  -0.644682   0.044076   0.327954  -0.232079
1071 1999  3  -0.506478  -1.151596   0.433660   0.254111  -0.220117
1072 1999  4  -0.864493  -0.635756   0.476991   0.009229  -0.312922
1073 1999  5  -1.261406  -0.082083   0.851952   0.073051   0.634639
1074 1999  6  -0.871232  -0.217525   1.725162  -1.541020   1.769258
1075 1999  7  -1.005158  -0.314573   0.876172  -1.180743   1.402157
1076 1999  8  -0.935175  -0.266685  -0.626970  -0.655962   1.255861
1077 1999  9  -1.207341  -0.947914   0.018348  -0.440873   0.646081
1078 1999 10  -0.828828   0.150304  -0.160827  -0.421479  -1.016338
1079 1999 11  -1.103530  -0.077238   0.187343   0.544771  -0.480131
1080 1999 12  -1.164002  -0.654423  -0.099111   0.701445  -0.106135
1081 2000  1  -1.030615  -0.252449  -0.066855   1.105643   0.308459
1082 2000  2  -0.874671  -0.760482   0.051586   0.003386   0.209912
1083 2000  3  -0.484705  -1.154915   0.265091   0.045713   0.543112
1084 2000  4  -0.032997  -0.606066   0.188310  -0.006023   0.336597
1085 2000  5   0.091560  -0.567666   0.507747   0.336891   0.487095
1086 2000  6   0.739424  -0.708308   1.302602  -1.018171   1.148001
1087 2000  7   0.724337   0.516107  -0.769970  -0.638048  -1.154219
1088 2000  8   0.215396   1.360865  -0.606649  -0.165929  -0.364929
1089 2000  9   0.268829   2.467152  -1.562526  -0.394465   0.872715
1090 2000 10   0.196666   1.152475  -1.254809  -1.238906   1.285530
1091 2000 11  -0.052248  -0.291985  -1.130464  -1.865531   1.406874
1092 2000 12   0.680334  -1.018722  -0.357312  -1.951548   0.610039
1093 2001  1   0.838299  -2.075057   0.023823  -1.553049   0.652909
1094 2001  2   0.945858  -1.803644   0.833076  -1.743926   0.697437
1095 2001  3   0.659488  -1.725319   0.568914  -1.413128  -0.012687
1096 2001  4   0.537680  -1.062976   0.731026  -1.206818  -0.484010
1097 2001  5   0.263303  -1.051858   0.877952  -0.711414   0.479281
1098 2001  6   0.107350  -0.521776   1.008546   0.251253   1.764638
1099 2001  7   0.020371   1.426972   0.011939   0.808744   0.359047
1100 2001  8  -0.107390   1.171540   0.555311   1.289444   1.002479
1101 2001  9  -0.745102   0.043509   0.959988   1.116216   0.242440
1102 2001 10  -0.621381  -0.239945   0.319874   0.240902   0.036718
1103 2001 11  -0.770557  -0.259009   1.130928  -0.170746   0.087166
1104 2001 12  -0.508668  -0.608293   1.273844  -0.439266   0.098588
1105 2002  1  -0.498180  -0.649083   0.037303  -0.023219   0.353586
1106 2002  2  -0.576254  -0.665694   0.106950   0.061421   0.451201
1107 2002  3  -0.291915  -0.541826   0.391283  -1.042851   0.072111
1108 2002  4   0.250021   0.114327   0.490713  -1.636944   0.315512
1109 2002  5   1.248196   0.968899   1.270959  -1.458961   2.452595
1110 2002  6   1.024574   0.058493   1.051111  -1.173609   0.927815
1111 2002  7   0.926705  -0.877379   0.711265  -0.311066  -0.077539
1112 2002  8   1.312054  -0.293370  -0.468163  -2.545321  -0.177392
1113 2002  9   1.005707   0.223707  -0.624449  -1.293256  -0.131199
1114 2002 10   1.368223   0.793707  -1.912996  -1.659804   0.101505
1115 2002 11   1.761513  -0.885129  -0.983518  -0.928163   0.888101
1116 2002 12   1.701881  -1.601348  -0.942339  -0.380052   0.413660
1117 2003  1   1.174952  -2.165076  -0.233774  -0.314571  -0.581358
1118 2003  2   1.433507  -1.470489  -0.478579  -0.179010  -0.981538
1119 2003  3   1.417980  -1.379154  -0.184105   0.074113  -1.250491
1120 2003  4   1.151877  -0.881313   0.860744   0.048142  -1.536168
1121 2003  5   1.794411  -0.824723   2.215193  -0.322687   0.894028
1122 2003  6   1.523659  -1.087484   2.228990  -0.682583   0.813254
1123 2003  7   1.344537  -0.297499   1.554301   1.679428  -0.457743
1124 2003  8   1.286108  -0.248952   1.331010   1.093946  -1.195894
1125 2003  9   1.232864  -0.257289   1.343889  -0.041023  -0.645184
1126 2003 10   1.410915  -1.294134   2.192863  -0.642981   0.617560
1127 2003 11   1.413554  -0.018286   1.889625  -0.954390   0.423292
1128 2003 12   0.478344  -0.481469   1.138914  -0.296221  -0.367891
1129 2004  1   0.335629  -0.187931   0.705568  -0.451329  -0.940361
1130 2004  2   0.407779  -0.323143   0.274349  -0.576749  -0.974991
1131 2004  3   0.510961  -0.240730  -0.047726  -0.392046  -0.893263
1132 2004  4   0.831584  -0.236465   0.098182   0.015204  -0.575564
1133 2004  5   1.656330  -0.285649   0.190825   0.102521  -0.610702
1134 2004  6   2.354538  -0.491352   2.713110  -0.767039   1.864731
1135 2004  7   2.602414   0.273468   0.636963   0.691079  -0.192115
1136 2004  8   2.052379   0.120637  -0.437650   1.308949  -0.035867
1137 2004  9   1.321485   0.594437  -0.192882   0.357414   0.430954
1138 2004 10   0.592301   1.002416  -0.057078   0.843805   0.599607
1139 2004 11   0.342253   1.193348   0.084930  -0.816080   1.464552
1140 2004 12   0.539578   0.511489  -0.979071  -1.525339   1.238756
1141 2005  1   0.956011   0.719572  -0.944402  -1.307799   0.745466
1142 2005  2   1.107651   0.621412  -1.168938  -1.129532  -0.021266
1143 2005  3   1.575355   0.090906  -1.159641  -0.982718   0.004704
1144 2005  4   1.271198   0.188709  -0.716926  -0.199099  -0.133340
1145 2005  5   2.366735   0.050679  -0.436201   0.259088   1.503902
1146 2005  6   2.295893  -0.331401   0.168307   0.073406   1.970829
1147 2005  7   2.568313  -0.436260   1.212211   0.485005   1.773918
1148 2005  8   1.997173  -0.558646   0.233948   0.723275   0.636445
1149 2005  9   1.327892   0.871169   0.159812   0.954810   1.585856
1150 2005 10   0.700658   0.512096   0.739669   0.213910   0.155317
1151 2005 11   0.326212   0.850602   0.982030   0.587758  -0.387113
1152 2005 12   0.216393   1.252332  -0.621247   0.896531  -0.743655
1153 2006  1   0.496402   0.148512  -0.819848   0.468531  -0.534286
1154 2006  2   0.162193  -0.194174  -0.602976   0.024988  -0.170786
1155 2006  3  -0.026495  -0.170501   0.118498   0.097816  -0.281690
1156 2006  4  -0.278518  -0.032915   0.121025   0.731117   0.194117
1157 2006  5  -0.228009  -0.243264  -0.001576   0.990525   0.603782
1158 2006  6   0.809129   0.269294   1.762317   1.662301   2.116727
1159 2006  7   0.469289   0.156265   1.746107   1.602623  -0.131260
1160 2006  8  -0.016047   0.961323   2.197683   0.963883   0.208610
1161 2006  9   0.137202   1.322998   2.225501   1.166068   0.602229
1162 2006 10   1.001789   0.900827   0.708467  -0.813848   1.085740
1163 2006 11   0.723353   1.388709   1.641770  -0.275585   0.443237
1164 2006 12   0.014553   0.424644   1.443737  -0.105926  -0.699626
1165 2007  1  -0.293324  -0.430197   0.912666  -0.323545  -1.163188
1166 2007  2   0.080738  -0.170847   0.705066  -0.539090  -0.889249
1167 2007  3  -0.666617   0.101847   0.582177   0.006672  -0.501016
1168 2007  4  -0.613566  -0.074354   0.711231  -0.019331  -0.188912
1169 2007  5  -0.465488  -0.005733   1.068545   0.386360  -0.065864
1170 2007  6   0.275854  -0.070220   2.882592   0.261713  -0.519811
1171 2007  7   0.286748  -0.815000   2.554605   2.260456  -2.883714
1172 2007  8   0.816992  -0.373027   1.959143   0.468628   0.067890
1173 2007  9   0.457447   0.255794   0.916537  -0.059073   1.046822
1174 2007 10  -0.409488   1.102592   1.769385  -0.021471   1.338840
1175 2007 11  -0.462941   0.276300   1.486158  -1.017778   1.038897
1176 2007 12  -0.256036  -0.110599   1.011826  -1.543276   0.718529
1177 2008  1  -0.759103   0.001995   0.792364  -0.468539  -0.088038
1178 2008  2  -0.894218   0.213566   0.512528  -0.575169   0.122118
1179 2008  3  -0.862391  -0.236852   0.249968  -0.449893   0.390094
1180 2008  4  -0.941282  -0.106193   0.615997  -0.466817   0.149060
1181 2008  5  -1.005842   0.056193   1.005585  -0.014709   0.381955
1182 2008  6  -0.407073   1.390133   2.299067  -0.066381   0.762135
1183 2008  7  -0.375751   1.355067   1.476615   1.692926  -1.217264
1184 2008  8  -0.250194   0.567621   3.166212   2.015372  -2.301210
1185 2008  9  -0.151454   0.143135   2.857882   0.545713  -1.694502
1186 2008 10  -0.126128   0.403420   1.833575   0.404256  -0.394184
1187 2008 11  -0.495736   0.906883   1.071757   0.551175  -0.634661
1188 2008 12  -0.603959   0.643298   0.419370  -0.187406  -0.433910
1189 2009  1  -0.618147   1.290881   0.094810  -0.325230  -0.157379
1190 2009  2  -0.543674   1.172562   0.019496  -0.700505  -0.068042
1191 2009  3  -0.661393   1.175775   0.559989  -0.253760   0.238534
1192 2009  4  -0.843080   1.461302   0.198118  -0.162290   0.201932
1193 2009  5   0.115351   1.363298   0.644268   0.371484   0.420727
1194 2009  6   0.887916   1.789737   0.981955   0.608741   1.924226
1195 2009  7   0.166160   1.086237  -0.567645  -0.057386   0.836616
1196 2009  8   0.043873  -0.029361  -0.803443  -1.390747   0.056571
1197 2009  9  -0.665437  -1.557997   0.816222  -0.345979  -0.262596
1198 2009 10   0.180372  -0.438811   1.117766  -0.482504   0.501170
1199 2009 11  -0.283863   0.181136   1.707597   0.153374   0.357372
1200 2009 12  -0.287150  -0.239202   0.765565   0.003117  -0.273536
1201 2010  1   0.183449  -0.149194  -0.409765   0.614187  -0.099512
1202 2010  2   0.358339  -0.482573  -0.480526   0.954011  -0.065804
1203 2010  3   0.045082  -0.639091  -0.312496   0.929495  -0.015850
1204 2010  4  -0.259997  -0.708723   0.003285   0.718977  -0.027412
1205 2010  5  -0.071691  -0.530937   0.182847   0.838171  -0.543561
1206 2010  6  -0.288747  -0.360236   1.682225   0.358855   0.364312
1207 2010  7  -0.223512   0.185504   0.681906  -1.990706   0.004703
1208 2010  8   0.243781   0.771581  -0.311121  -2.711288  -0.049948
1209 2010  9   0.687064   0.792753   0.106673  -0.733200   0.291858
1210 2010 10  -0.121044  -1.158526   0.898718   0.651480  -0.365615
1211 2010 11  -0.268580  -0.897684   1.301743   1.040832   0.484079
1212 2010 12  -0.109155   0.233634   1.378630   1.774575   0.051359
1213 2011  1  -0.290563   0.415381   1.288338   2.491826  -0.432920
1214 2011  2   0.088659   0.720107   0.884598   1.503939  -0.713993
1215 2011  3   0.056866   0.571497   1.350550   1.063169  -0.551038
1216 2011  4   0.018071   0.510125   1.161676   0.881584  -0.268558
1217 2011  5   0.560798   0.225800   2.736268  -0.135734   2.033416
1218 2011  6   0.480489   0.337929   2.102069   0.290836   2.517113
1219 2011  7  -0.116191   1.482441   1.006710   1.365190   0.363360
1220 2011  8   0.106021   2.512514   0.866892   0.394705   0.776518
1221 2011  9  -0.383978   0.590122   1.128163   0.355480  -0.787530
1222 2011 10  -0.225841  -0.091091   2.523184   1.581533  -0.325717
1223 2011 11  -0.566766   1.319850   1.883167   1.130978   0.303648
1224 2011 12  -0.420208   1.535058   0.695441   0.324647   0.402749
1225 2012  1  -0.799841   0.930799   0.215173   0.265248   0.250161
1226 2012  2  -0.810885   0.842284   0.329215   0.217079   0.656921
1227 2012  3  -1.154669   0.392071   0.696687  -0.088865   0.435180
1228 2012  4  -0.813255  -0.079547   0.178289   0.575413   0.664322
1229 2012  5  -1.071389   0.093655   0.335114   0.668538   0.549860
1230 2012  6  -0.804015   0.004310   1.972841   0.056177   1.554713
1231 2012  7  -0.909295   1.061689   1.486780   0.158272  -0.220803
1232 2012  8  -0.717550   1.406861   0.550391   1.284969  -0.434389
1233 2012  9  -0.919067   1.196361  -0.142622   1.223364  -0.317432
1234 2012 10  -0.561741   0.152873  -0.603472  -0.227147  -0.110532
1235 2012 11  -0.402054   0.312322   0.620493   0.806774  -0.720044
1236 2012 12  -0.632445   1.151222   1.281385   2.397475  -0.641301
1237 2013  1  -0.557660   0.119208   0.550268   1.566214   0.308103
1238 2013  2  -0.326605   0.340024   0.191920   1.043384   0.705840
1239 2013  3  -0.242127   0.458261  -0.174864   0.448203   0.833410
1240 2013  4   0.114084   0.986822  -0.600081  -0.294645   0.702973
1241 2013  5   0.579476   2.080421  -1.006298  -1.188542   0.387683
1242 2013  6   1.370136   1.492853   0.776679  -0.342622   1.610505
1243 2013  7   1.693859   1.686922   0.074898   0.412489   0.494629
1244 2013  8   1.813373   1.541040   0.214944   0.788630  -0.731481
1245 2013  9   1.014993   0.374660   0.366620   1.765255  -0.605118
1246 2013 10   0.197909   1.585174   0.870128   1.133769   0.376532
1247 2013 11   1.142933   2.268914  -0.401941  -0.522928   1.264924
1248 2013 12   1.431101   2.836378  -0.656119  -1.204465   1.110027
1249 2014  1   1.562009   2.344087  -1.635391  -0.580152   0.084193
1250 2014  2   1.352485   1.780815  -1.505613  -0.792638  -0.185014
1251 2014  3   1.250640   0.951658  -1.799876  -0.609858   0.059469
1252 2014  4   1.573237   0.773907  -1.318289  -0.720103  -0.126399
1253 2014  5   2.617509   0.950211  -1.024947  -0.254731   0.044109
1254 2014  6   2.922984   1.763557   0.284606  -0.882691   1.279554
1255 2014  7   3.079415   0.654954   0.560499   0.188935  -0.532652
1256 2014  8   3.260932   0.382791   0.452261   0.209909  -0.967555
1257 2014  9   3.430808   0.763078  -0.227964  -0.593487  -0.745259
1258 2014 10   2.464643  -0.040337   0.509112   0.468558  -0.762270
1259 2014 11   1.846198  -0.119097  -0.104816   0.639862  -0.920906
1260 2014 12   2.197563  -0.560838  -0.724881   0.434642  -0.540660
1261 2015  1   2.441141  -0.307994  -0.758289   0.201052  -0.600660
1262 2015  2   2.344880  -0.145497  -1.380555   0.589431  -1.115637
1263 2015  3   2.578120   0.047714  -1.649160   0.606977  -1.127444
1264 2015  4   2.313756  -0.067082  -1.226290   0.397448  -1.094804
1265 2015  5   2.700695  -0.195643  -0.407605  -0.309188   0.508543
1266 2015  6   3.051553   0.462350  -0.903655  -0.771232   0.639622
1267 2015  7   2.592975  -0.249005  -1.649309  -0.827341   0.035960
1268 2015  8   2.276740   0.705258  -1.590901  -0.969802   0.588101
1269 2015  9   1.750697   2.165062   0.120607   0.395743  -0.152605
1270 2015 10   2.224243   1.993962   0.457962   1.202368  -0.293331
1271 2015 11   2.135646   1.216772   0.300948   0.256771   0.448636
1272 2015 12   1.761270  -0.171525   0.020993  -0.444209   0.954103
1273 2016  1   1.531039  -1.045257  -0.686266  -0.016997   0.360815
1274 2016  2   1.697779  -1.558295  -0.727967   0.232269  -0.103057
1275 2016  3   1.636247  -1.988367  -0.763995   0.627039   0.149367
1276 2016  4   1.992909  -1.846334  -0.666474   0.797725   0.745039
1277 2016  5   2.827561  -1.507371   1.032616  -0.352964   2.190477
1278 2016  6   3.206717  -0.521976   1.836938  -0.577897   1.165692
1279 2016  7   3.204635   0.798663   1.603270   0.060971  -0.610230
1280 2016  8   3.095821   1.575554   0.403809  -0.562070  -0.724894
1281 2016  9   3.140141   1.237458  -1.343372  -1.012141  -0.867861
1282 2016 10   2.768784   0.127234   0.477624  -1.043435   1.022550
1283 2016 11   2.015264  -2.419782   1.970101  -0.169847   2.278259
1284 2016 12   1.396874  -1.975871   2.188184   0.022267   2.078510
1285 2017  1   1.004454  -1.402242   1.468309  -0.171559   0.559763
1286 2017  2   0.724579  -0.949302   0.930208   0.259320  -0.283105
1287 2017  3   0.477893  -0.196823   1.073860   0.095257  -0.836961
1288 2017  4   0.766727  -0.444425   1.184102   0.330656  -0.498606
1289 2017  5   1.455346  -0.110851   2.034910  -0.859668   1.700535
1290 2017  6   1.567006  -0.555722   2.443285  -0.421994   2.150714
1291 2017  7   1.561877  -0.153513   1.739375   0.198925   1.086570
1292 2017  8   1.573653  -0.001357   1.534757   1.229332   0.124279
1293 2017  9   1.027983  -0.004771   1.035573   0.813795  -1.048222
1294 2017 10   1.186490   0.721046   0.849620   0.495953  -0.908410
1295 2017 11   1.252842   1.430530   1.755656  -0.045676   0.921623
1296 2017 12   1.276183   0.654380   2.410429  -0.623607   1.919609
1297 2018  1   1.656572  -0.012399   1.896769  -0.297450   0.372777
1298 2018  2   1.448765   0.495838   1.560334   0.059283  -0.542913
